6.37e+2 1.52e+2
1.73e+2 5.13e+1
1.77e+2 5.08e+1
1.71e+2 1.83e+1
1.82e+2 1.83e+1
1.84e+2 1.83e+1
1.86e+2 1.83e+1
1.79e+2 5.07e+1
7.07e+1 1.02e+2
1.37e+1 1.14e+2
1.76e+2 5.13e+1
1.65e+2 5.23e+1
1.80e+2 5.08e+1
1.72e+2 5.18e+1
6.33e+2 1.55e+2
1.73e+2 5.13e+1
2.94e+1 1.09e+2
2.06e+1 1.12e+2
6.32e+2 7.78e+1
2.35e+1 1.11e+2
1.81e+2 5.08e+1
2.55e+1 1.11e+2
6.31e+2 7.83e+1
6.17e+2 6.20e+1
2.16e+1 1.12e+2
1.86e+1 1.12e+2
3.04e+1 1.09e+2
3.24e+1 1.09e+2
6.30e+2 7.83e+1
2.75e+1 1.10e+2
3.34e+1 1.09e+2
6.25e+2 1.59e+2
6.29e+2 7.88e+1
4.12e+1 1.07e+2
4.42e+1 1.06e+2
6.24e+2 1.60e+2
6.23e+2 1.60e+2
1.84e+2 5.08e+1
1.89e+2 5.02e+1
1.91e+2 4.99e+1
3.44e+1 1.08e+2
6.22e+2 1.81e+2
6.24e+2 1.79e+2
1.86e+2 5.08e+1
1.85e+2 5.08e+1
3.53e+1 1.08e+2
4.62e+1 1.06e+2
4.81e+1 1.05e+2
6.21e+2 1.81e+2
3.63e+1 1.08e+2
3.83e+1 1.08e+2
4.03e+1 1.08e+2
6.19e+2 1.83e+2
6.20e+2 1.62e+2
6.22e+2 8.03e+1
6.22e+2 1.20e+2
6.24e+2 1.19e+2
6.19e+2 1.63e+2
6.21e+2 8.08e+1
6.16e+2 1.85e+2
6.20e+2 8.13e+1
6.17e+2 1.64e+2
6.19e+2 8.13e+1
6.16e+2 1.65e+2
6.15e+2 1.65e+2
6.15e+2 8.29e+1
1.63e+2 5.28e+1
6.15e+2 1.24e+2
6.13e+2 1.87e+2
6.17e+2 8.23e+1
6.11e+2 8.39e+1
6.13e+2 8.34e+1
5.30e+1 1.04e+2
6.14e+2 1.24e+2
6.12e+2 1.88e+2
6.09e+2 8.44e+1
5.60e+1 6.96e+1
6.58e+1 1.02e+2
6.13e+2 1.25e+2
6.12e+2 1.25e+2
6.10e+2 1.68e+2
6.10e+2 1.26e+2
6.09e+2 1.26e+2
7.66e+1 7.12e+1
6.58e+1 7.01e+1
6.08e+2 1.90e+2
6.10e+2 1.89e+2
9.63e+1 9.85e+1
5.99e+1 1.03e+2
6.08e+2 1.69e+2
9.43e+1 9.86e+1
8.84e+1 7.06e+1
6.05e+2 8.59e+1
6.07e+2 1.91e+2
9.83e+1 9.81e+1
6.07e+2 1.69e+2
6.05e+2 1.28e+2
1.00e+2 9.80e+1
8.55e+1 9.96e+1
6.04e+2 1.29e+2
6.02e+2 1.72e+2
1.53e+2 7.01e+1
6.06e+2 1.92e+2
1.02e+2 9.76e+1
1.04e+2 9.74e+1
1.02e+2 7.06e+1
9.24e+1 7.06e+1
6.02e+2 1.29e+2
8.65e+1 9.96e+1
8.84e+1 9.96e+1
1.12e+2 9.65e+1
9.04e+1 9.91e+1
9.24e+1 9.88e+1
1.07e+2 9.70e+1
1.51e+2 7.01e+1
1.54e+2 7.01e+1
1.56e+2 7.01e+1
1.58e+2 7.01e+1
1.09e+2 9.71e+1
1.14e+2 9.66e+1
1.15e+2 9.65e+1
3.15e+2 1.99e+2
1.04e+2 7.06e+1
5.98e+2 1.96e+2
6.03e+2 1.93e+2
6.05e+2 1.92e+2
5.99e+2 1.74e+2
6.02e+2 1.94e+2
1.47e+2 7.05e+1
1.49e+2 7.10e+1
1.25e+2 6.96e+1
3.21e+2 7.06e+1
1.28e+2 7.01e+1
1.07e+2 7.12e+1
1.24e+2 6.96e+1
1.31e+2 6.96e+1
1.05e+2 7.06e+1
1.19e+2 7.06e+1
1.21e+2 7.07e+1
1.17e+2 9.66e+1
1.19e+2 9.66e+1
1.21e+2 9.66e+1
5.99e+2 1.30e+2
1.44e+2 6.96e+1
1.41e+2 7.06e+1
1.43e+2 7.06e+1
1.37e+2 7.06e+1
1.39e+2 7.12e+1
5.97e+2 1.74e+2
5.98e+2 1.74e+2
5.97e+2 1.31e+2
5.94e+2 1.31e+2
1.33e+2 6.96e+1
1.35e+2 6.95e+1
5.96e+2 1.31e+2
6.00e+2 1.95e+2
1.17e+2 6.99e+1
1.14e+2 7.12e+1
1.15e+2 7.12e+1
1.94e+2 7.01e+1
5.96e+2 1.74e+2
1.13e+2 7.12e+1
2.07e+2 7.01e+1
2.09e+2 7.01e+1
1.10e+2 7.12e+1
1.17e+2 1.92e+2
5.95e+2 1.75e+2
3.00e+2 7.06e+1
5.92e+2 1.32e+2
2.40e+2 9.46e+1
2.23e+2 9.51e+1
3.73e+1 7.06e+1
5.91e+2 1.32e+2
5.91e+2 1.98e+2
2.13e+2 7.01e+1
7.96e+1 7.12e+1
5.90e+2 1.32e+2
5.87e+2 1.33e+2
5.89e+2 1.33e+2
5.85e+2 1.99e+2
5.86e+2 2.00e+2
5.85e+2 1.33e+2
5.84e+2 1.33e+2
5.81e+2 1.34e+2
6.09e+1 7.01e+1
5.84e+2 2.00e+2
5.80e+2 1.34e+2
2.71e+2 5.18e+1
5.79e+2 1.34e+2
2.82e+2 5.34e+1
3.08e+2 1.47e+2
2.81e+2 5.34e+1
5.79e+2 1.34e+2
5.74e+2 1.81e+2
5.76e+2 1.81e+2
5.78e+2 1.81e+2
2.85e+2 5.44e+1
5.80e+2 2.01e+2
2.86e+2 5.44e+1
5.75e+2 1.36e+2
5.77e+2 1.35e+2
5.79e+2 2.01e+2
6.68e+1 1.47e+2
2.76e+2 5.28e+1
2.78e+2 5.33e+1
2.80e+2 5.34e+1
5.73e+2 1.36e+2
5.72e+2 1.36e+2
5.71e+2 1.36e+2
5.68e+2 1.38e+2
2.89e+2 5.51e+1
2.90e+2 5.54e+1
5.69e+2 1.37e+2
5.71e+2 9.14e+1
5.73e+2 9.11e+1
5.69e+2 9.15e+1
5.68e+2 9.20e+1
5.66e+2 9.20e+1
3.99e+2 1.47e+2
5.65e+2 9.19e+1
2.86e+2 1.99e+2
5.62e+2 9.25e+1

5.47e+2 9.40e+1
5.49e+2 9.36e+1
5.59e+2 9.25e+1
5.61e+2 9.22e+1
5.45e+2 9.46e+1
5.41e+2 9.56e+1
5.58e+2 9.25e+1
5.50e+2 9.35e+1
5.32e+2 9.61e+1
5.55e+2 9.30e+1
5.37e+2 9.61e+1
5.39e+2 9.61e+1
3.67e+2 2.28e+1
3.87e+2 2.33e+1
5.52e+2 9.35e+1
5.54e+2 9.33e+1
5.33e+2 9.61e+1
3.55e+2 6.17e+1
3.85e+2 2.33e+1
5.34e+2 9.61e+1
3.84e+2 2.33e+1
3.40e+2 4.57e+1
3.59e+2 6.30e+1
3.61e+2 6.34e+1
3.42e+2 4.57e+1
3.51e+2 6.30e+1
3.49e+2 4.52e+1
3.50e+2 4.52e+1
3.54e+2 4.47e+1
3.47e+2 4.52e+1
3.44e+2 4.57e+1
3.46e+2 4.57e+1
3.83e+2 2.33e+1
3.51e+2 4.52e+1
3.52e+2 4.47e+1
3.43e+2 4.57e+1
7.74e+2 2.33e+1
3.88e+2 2.33e+1
7.94e+2 2.28e+1
3.89e+2 2.28e+1
3.77e+2 6.45e+1
3.63e+2 6.37e+1
3.65e+2 6.40e+1
3.90e+2 2.28e+1
3.81e+2 6.51e+1
3.82e+2 9.35e+1
3.66e+2 6.40e+1
3.82e+2 6.51e+1
3.95e+2 2.28e+1
3.57e+2 2.23e+1
3.96e+2 2.23e+1
7.92e+2 2.28e+1
3.80e+2 1.30e+2
3.59e+2 1.25e+2
3.71e+2 4.62e+1
3.83e+2 6.51e+1
3.73e+2 6.45e+1
3.71e+2 2.28e+1
3.75e+2 4.62e+1
3.76e+2 4.62e+1
3.80e+2 2.33e+1
3.90e+2 4.57e+1
3.87e+2 6.45e+1
3.85e+2 6.45e+1
3.91e+2 2.28e+1
3.85e+2 1.29e+2
3.86e+2 1.29e+2
3.84e+2 1.29e+2
3.67e+2 6.40e+1
3.87e+2 1.29e+2
3.92e+2 2.28e+1
3.70e+2 4.62e+1
3.88e+2 1.29e+2
3.70e+2 6.41e+1
3.74e+2 6.96e+1
3.80e+2 7.01e+1
3.86e+2 4.62e+1
3.82e+2 7.01e+1
7.90e+2 2.28e+1
3.76e+2 6.96e+1
3.78e+2 6.96e+1
3.77e+2 6.96e+1
3.90e+2 1.27e+2
3.77e+2 4.62e+1
3.79e+2 2.33e+1
3.82e+2 4.67e+1
3.83e+2 7.01e+1
7.75e+2 2.33e+1
7.77e+2 2.33e+1
7.79e+2 2.33e+1
3.66e+2 4.63e+1
3.68e+2 4.66e+1
3.75e+2 6.96e+1
3.80e+2 4.67e+1
3.84e+2 4.62e+1
3.85e+2 4.62e+1
3.86e+2 6.96e+1
5.85e+2 4.62e+1
3.94e+2 1.27e+2
3.91e+2 1.28e+2
3.78e+2 4.67e+1
7.62e+2 6.20e+1
4.05e+2 2.23e+1
5.87e+2 4.62e+1
3.90e+2 6.91e+1
3.94e+2 4.52e+1
3.84e+2 6.96e+1
3.62e+2 4.57e+1
5.90e+2 4.50e+1
5.92e+2 4.44e+1
5.86e+2 4.62e+1
3.73e+2 2.28e+1
3.85e+2 6.96e+1
7.96e+2 2.33e+1
3.90e+2 6.40e+1
5.06e+2 1.88e+1
3.85e+2 1.93e+2
3.75e+2 2.33e+1
3.95e+2 4.52e+1
3.77e+2 2.33e+1
3.75e+2 1.29e+2
3.96e+2 4.52e+1
3.74e+2 2.33e+1
3.96e+2 6.25e+1
3.97e+2 6.25e+1
3.92e+2 6.86e+1
4.02e+2 2.23e+1
3.98e+2 4.47e+1
5.07e+2 3.76e+1
3.94e+2 6.35e+1
5.62e+2 1.88e+1
3.97e+2 6.71e+1
2.03e+2 1.99e+2
4.10e+2 2.18e+1
3.99e+2 6.25e+1
7.88e+2 2.28e+1
3.94e+2 6.80e+1
3.96e+2 6.74e+1
5.67e+2 1.94e+1
5.69e+2 1.97e+1
3.09e+2 1.99e+2
4.00e+2 4.47e+1
3.72e+2 1.28e+2
4.03e+2 6.25e+1
4.01e+2 6.20e+1
4.04e+2 6.25e+1
3.98e+2 6.71e+1
4.00e+2 6.65e+1
4.11e+2 2.13e+1
4.04e+2 6.71e+1
6.37e+2 5.13e+1
4.05e+2 6.20e+1
4.02e+2 1.24e+2
4.05e+2 6.15e+1
4.06e+2 6.20e+1
6.40e+2 5.23e+1
4.14e+2 6.15e+1
4.16e+2 6.15e+1
4.08e+2 6.15e+1
4.10e+2 6.14e+1
4.12e+2 6.11e+1
4.03e+2 6.71e+1
7.39e+2 3.76e+1
7.61e+2 2.23e+1
7.63e+2 2.26e+1
7.65e+2 2.29e+1
7.67e+2 2.32e+1
6.41e+2 5.23e+1
5.64e+2 1.88e+1
5.08e+2 3.76e+1
6.43e+2 5.39e+1
5.71e+2 2.03e+1
5.73e+2 2.08e+1
5.75e+2 2.13e+1
5.57e+2 5.08e+1
5.59e+2 5.08e+1
5.62e+2 5.28e+1
5.63e+2 5.28e+1
5.65e+2 5.36e+1
7.52e+2 5.69e+1
4.01e+2 4.47e+1
7.49e+2 5.54e+1
4.05e+2 1.23e+2
4.07e+2 1.23e+2
7.95e+2 4.62e+1
7.51e+2 5.69e+1
7.42e+2 3.83e+1
4.12e+2 1.19e+2
4.14e+2 1.18e+2
4.02e+2 4.47e+1
2.16e+2 1.99e+2
4.16e+2 2.08e+1
4.14e+2 1.98e+1
4.05e+2 6.71e+1
5.69e+2 5.59e+1
6.42e+2 5.34e+1
7.53e+2 5.79e+1
5.10e+2 3.76e+1
4.09e+2 6.56e+1
5.19e+2 3.70e+1
5.21e+2 3.67e+1
4.05e+2 4.47e+1
7.93e+2 4.62e+1
5.70e+2 5.64e+1
7.54e+2 5.83e+1
7.56e+2 5.88e+1
6.50e+2 5.69e+1
6.52e+2 5.78e+1
6.54e+2 5.82e+1
4.05e+2 1.25e+2
4.05e+2 4.42e+1
6.46e+2 5.49e+1
6.13e+2 5.39e+1
7.47e+2 5.49e+1
4.10e+2 4.32e+1
7.50e+2 4.06e+1
5.14e+2 3.76e+1
4.10e+2 6.51e+1
4.09e+2 4.37e+1
5.68e+2 5.47e+1
7.53e+2 4.17e+1
6.17e+2 1.02e+2
6.19e+2 1.01e+2
5.13e+2 3.76e+1
5.16e+2 3.76e+1
4.19e+2 4.11e+1
4.14e+2 6.35e+1
4.21e+2 2.03e+1
4.15e+2 6.30e+1
4.11e+2 8.64e+1
5.12e+2 3.76e+1
2.39e+2 1.99e+2
7.57e+2 2.18e+1
4.16e+2 6.30e+1
5.21e+2 1.02e+2
7.75e+2 1.30e+2
4.14e+2 4.24e+1
4.16e+2 4.22e+1
4.20e+2 2.03e+1
4.20e+2 6.17e+1
4.17e+2 6.30e+1
6.90e+2 5.79e+1
7.49e+2 4.01e+1
4.13e+2 1.06e+2
4.17e+2 2.08e+1
4.23e+2 6.12e+1
4.25e+2 6.10e+1
7.67e+2 1.29e+2
6.46e+2 1.94e+1
7.63e+2 1.26e+2
7.65e+2 1.29e+2
4.22e+2 4.06e+1
7.68e+2 1.29e+2
7.70e+2 1.31e+2
7.56e+2 2.16e+1
5.73e+2 5.81e+1
5.75e+2 5.88e+1
7.47e+2 3.91e+1
7.53e+2 2.08e+1
4.21e+2 6.15e+1
4.87e+2 5.08e+1
7.77e+2 1.29e+2
7.79e+2 1.29e+2
7.58e+2 1.21e+2
7.60e+2 1.23e+2
7.55e+2 4.19e+1
7.57e+2 4.20e+1
7.71e+2 1.30e+2
7.73e+2 1.30e+2
7.53e+2 2.08e+1
7.55e+2 1.17e+2
7.57e+2 1.18e+2
5.71e+2 5.69e+1
7.61e+2 1.24e+2
6.45e+2 5.44e+1
7.53e+2 4.17e+1
6.50e+2 2.05e+1
5.04e+2 3.71e+1
5.17e+2 5.23e+1
7.59e+2 2.18e+1
7.71e+2 4.62e+1
7.44e+2 5.34e+1
7.46e+2 5.37e+1
6.48e+2 1.99e+1
5.59e+2 1.53e+2
6.92e+2 4.11e+1
7.45e+2 3.86e+1
7.41e+2 5.28e+1
5.11e+2 1.05e+2
5.13e+2 1.06e+2
5.15e+2 1.06e+2
6.94e+2 5.64e+1
5.19e+2 5.13e+1
5.18e+2 5.18e+1
5.10e+2 1.05e+2
7.46e+2 3.91e+1
6.91e+2 5.74e+1
6.56e+2 2.14e+1
6.58e+2 2.17e+1
6.94e+2 4.06e+1
7.80e+2 4.62e+1
6.95e+2 5.59e+1
5.05e+2 1.03e+2
5.07e+2 1.04e+2
5.09e+2 1.05e+2
4.94e+2 5.10e+1
7.51e+2 1.12e+2
7.35e+2 5.18e+1
4.99e+2 1.01e+2
5.01e+2 1.02e+2
5.03e+2 1.02e+2
6.44e+2 1.93e+1
5.21e+2 5.10e+1
5.22e+2 5.07e+1
7.39e+2 5.23e+1
4.18e+2 2.08e+1
5.09e+2 5.23e+1
7.40e+2 5.28e+1
6.92e+2 5.74e+1
7.50e+2 1.13e+2
4.09e+2 2.01e+2
5.12e+2 5.23e+1
4.98e+2 1.01e+2
4.88e+2 5.03e+1
7.23e+2 1.78e+1
5.08e+2 5.23e+1
4.25e+2 4.01e+1
7.03e+2 5.18e+1
6.53e+2 2.11e+1
7.07e+2 5.08e+1
7.34e+2 5.18e+1
6.37e+2 1.02e+2
6.38e+2 1.02e+2
7.04e+2 5.13e+1
6.95e+2 3.99e+1
4.97e+2 1.01e+2
6.22e+2 9.96e+1
4.96e+2 1.01e+2
4.96e+2 5.03e+1
4.98e+2 5.00e+1
7.28e+2 1.83e+1
4.86e+2 5.44e+1
7.29e+2 1.02e+2
3.46e+2 4.57e+1
4.27e+2 4.01e+1
7.22e+2 1.78e+1
4.95e+2 1.00e+2
4.91e+2 5.03e+1
7.01e+2 5.23e+1
7.30e+2 1.02e+2
7.32e+2 1.03e+2
7.34e+2 1.04e+2
4.90e+2 5.03e+1
4.09e+2 8.85e+1
6.25e+2 5.28e+1
7.05e+2 5.13e+1
6.96e+2 3.91e+1
7.31e+2 5.13e+1
7.32e+2 5.13e+1
4.25e+2 1.97e+1
7.29e+2 1.83e+1
7.00e+2 5.28e+1
6.99e+2 5.34e+1
4.91e+2 1.01e+2
7.25e+2 1.00e+2
7.27e+2 1.01e+2
4.89e+2 1.01e+2
6.98e+2 3.86e+1
4.27e+2 2.03e+1
7.27e+2 1.83e+1
7.21e+2 9.86e+1
4.26e+2 1.98e+1
6.18e+2 5.08e+1
6.20e+2 5.04e+1
6.22e+2 5.01e+1
7.26e+2 1.83e+1
7.04e+2 5.59e+1
7.32e+2 1.83e+1
7.29e+2 5.13e+1
4.25e+2 5.59e+1
6.99e+2 3.81e+1
4.28e+2 1.93e+1
4.30e+2 4.01e+1
7.09e+2 5.03e+1
7.11e+2 4.99e+1
7.13e+2 4.97e+1
7.00e+2 3.76e+1
7.02e+2 3.69e+1
7.04e+2 3.66e+1
4.93e+2 1.51e+2
6.91e+2 1.15e+2
7.25e+2 1.78e+1
4.27e+2 5.59e+1
5.05e+2 5.18e+1
4.83e+2 1.01e+2
7.33e+2 1.88e+1
4.86e+2 1.01e+2
7.26e+2 5.03e+1
6.39e+2 1.88e+1
4.80e+2 1.01e+2
4.84e+2 1.01e+2
4.23e+2 1.42e+2
4.78e+2 1.01e+2
4.74e+2 1.53e+2
7.24e+2 5.03e+1
4.94e+2 1.78e+1
4.77e+2 1.01e+2
4.84e+2 1.51e+2
4.86e+2 1.51e+2
4.73e+2 1.53e+2
7.44e+2 1.93e+1
4.94e+2 3.66e+1
4.84e+2 3.61e+1
4.79e+2 1.52e+2
7.10e+2 1.78e+1
7.35e+2 1.88e+1
4.28e+2 5.59e+1
7.42e+2 1.93e+1
6.38e+2 1.88e+1
4.76e+2 1.52e+2
4.78e+2 1.52e+2
4.73e+2 1.02e+2
7.21e+2 4.93e+1
7.23e+2 4.93e+1
4.71e+2 1.54e+2
7.20e+2 4.93e+1
4.80e+2 1.83e+1
5.04e+2 5.18e+1
4.85e+2 1.83e+1
6.37e+2 1.83e+1
4.84e+2 1.83e+1
4.30e+2 5.83e+1
4.32e+2 5.94e+1
4.77e+2 1.83e+1
4.73e+2 3.66e+1
6.36e+2 1.83e+1
4.81e+2 1.83e+1
4.32e+2 4.01e+1
4.96e+2 3.61e+1
4.98e+2 3.58e+1
5.03e+2 1.88e+1
5.05e+2 1.90e+1
4.74e+2 3.66e+1
7.39e+2 1.88e+1
4.70e+2 1.02e+2
4.68e+2 1.03e+2
4.99e+2 1.83e+1
4.21e+2 5.74e+1
7.38e+2 1.88e+1
4.93e+2 1.83e+1
4.34e+2 4.01e+1
4.76e+2 3.66e+1
4.67e+2 1.03e+2
7.12e+2 1.78e+1
4.98e+2 1.83e+1
4.79e+2 1.83e+1
4.66e+2 1.03e+2
4.72e+2 3.66e+1
4.75e+2 5.48e+1
4.77e+2 5.45e+1
6.35e+2 1.83e+1
4.78e+2 2.03e+1
4.36e+2 4.06e+1
4.71e+2 5.52e+1
4.73e+2 5.51e+1
7.37e+2 1.88e+1
4.90e+2 3.61e+1
4.35e+2 4.01e+1
4.37e+2 4.11e+1
4.69e+2 3.71e+1
4.79e+2 3.66e+1
4.81e+2 3.66e+1
4.64e+2 1.04e+2
4.68e+2 5.54e+1
7.13e+2 1.78e+1
7.15e+2 1.78e+1
7.17e+2 1.78e+1
7.30e+2 3.71e+1
7.32e+2 3.78e+1
4.33e+2 1.98e+1
4.77e+2 5.07e+1
4.79e+2 5.06e+1
4.63e+2 1.06e+2
5.07e+2 1.88e+1
4.66e+2 5.59e+1
4.35e+2 5.59e+1
4.90e+2 1.83e+1
4.87e+2 3.60e+1
5.09e+2 1.88e+1
4.74e+2 5.08e+1
4.36e+2 5.64e+1
4.39e+2 5.79e+1
4.89e+2 3.61e+1
4.55e+2 1.03e+2
4.74e+2 1.83e+1
4.76e+2 1.83e+1
5.08e+2 1.88e+1
4.73e+2 5.13e+1
4.97e+2 1.83e+1
5.58e+2 1.83e+1
5.60e+2 1.83e+1
4.57e+2 1.00e+2
4.59e+2 9.82e+1
4.62e+2 1.06e+2
7.88e+2 2.28e+1
4.96e+2 1.83e+1
1.01e+2 7.88e+1
4.41e+2 6.10e+1
4.67e+2 3.71e+1
4.35e+2 1.98e+1
4.75e+2 1.83e+1
4.39e+2 2.08e+1
4.42e+2 4.47e+1
4.65e+2 3.76e+1
4.42e+2 6.15e+1
4.41e+2 1.54e+2
4.61e+2 1.09e+2
4.60e+2 7.76e+1
4.62e+2 7.63e+1
4.64e+2 3.76e+1
5.12e+2 1.88e+1
5.14e+2 1.88e+1
4.51e+2 8.90e+1
4.41e+2 2.23e+1
4.57e+2 5.59e+1
4.63e+2 5.57e+1
4.65e+2 5.47e+1
4.61e+2 5.34e+1
4.53e+2 8.59e+1
4.40e+2 8.39e+1
4.58e+2 7.93e+1
4.42e+2 1.54e+2
4.44e+2 1.57e+2
4.46e+2 1.58e+2
4.60e+2 1.98e+1
4.44e+2 4.57e+1
4.56e+2 8.13e+1
4.52e+2 6.56e+1
4.54e+2 6.40e+1
4.40e+2 6.20e+1
4.59e+2 3.91e+1
4.60e+2 3.91e+1
4.62e+2 3.81e+1
4.62e+2 5.74e+1
4.43e+2 1.97e+2
4.61e+2 5.74e+1
4.48e+2 1.84e+2
4.44e+2 2.28e+1
4.57e+2 4.01e+1
4.56e+2 2.03e+1
4.56e+2 1.25e+2
4.44e+2 6.35e+1
4.54e+2 1.93e+2
4.56e+2 1.94e+2
4.52e+2 1.53e+2
4.54e+2 1.49e+2
4.53e+2 4.32e+1
4.55e+2 2.08e+1
4.56e+2 4.06e+1
4.45e+2 2.28e+1
4.51e+2 1.55e+2
4.71e+2 5.13e+1
4.48e+2 1.92e+2
4.50e+2 1.94e+2
4.52e+2 1.94e+2
4.56e+2 1.22e+2
4.58e+2 1.17e+2
4.60e+2 1.15e+2
4.51e+2 4.42e+1
4.49e+2 9.10e+1
4.55e+2 1.05e+2
6.11e+2 1.93e+1
6.13e+2 1.93e+1
4.50e+2 4.52e+1
4.55e+2 1.24e+2
4.42e+2 1.32e+2
4.71e+2 1.83e+1
4.48e+2 4.62e+1
4.54e+2 2.08e+1
4.48e+2 6.92e+1
4.50e+2 6.94e+1
4.48e+2 9.20e+1
4.46e+2 9.10e+1
4.57e+2 6.07e+1
4.59e+2 5.93e+1
4.53e+2 1.29e+2
4.52e+2 1.31e+2
4.46e+2 6.35e+1
4.69e+2 1.83e+1
4.43e+2 1.10e+2
4.53e+2 1.09e+2
4.52e+2 2.18e+1
4.45e+2 1.36e+2
4.51e+2 2.01e+2
4.47e+2 6.40e+1
4.45e+2 1.13e+2
4.48e+2 6.40e+1
4.45e+2 6.86e+1
4.46e+2 6.86e+1
4.48e+2 2.28e+1
4.48e+2 1.29e+2
4.50e+2 2.23e+1
4.55e+2 6.20e+1
4.44e+2 9.10e+1
4.54e+2 6.30e+1
4.64e+2 1.87e+1
4.49e+2 4.57e+1
4.60e+2 1.93e+1
4.53e+2 6.45e+1
4.49e+2 1.14e+2
4.51e+2 1.14e+2
4.53e+2 1.14e+2
4.52e+2 6.10e+1
4.49e+2 6.35e+1
4.63e+2 5.28e+1
4.42e+2 8.79e+1
4.66e+2 1.88e+1
4.78e+2 2.23e+1

4.63e+2 5.18e+1
4.65e+2 1.88e+1
4.64e+2 5.23e+1
7.10e+2 5.03e+1
5.05e+2 1.83e+1
4.05e+2 8.90e+1
7.77e+2 8.85e+1
3.26e+2 9.96e+1
4.59e+2 2.18e+1
3.28e+2 1.02e+2
3.30e+2 1.03e+2
1.62e+2 8.13e+1
1.63e+2 8.08e+1
1.65e+2 8.05e+1
6.97e+1 8.90e+1
7.58e+2 8.90e+1
5.78e+2 1.15e+2
6.99e+2 8.82e+1
6.36e+2 8.90e+1
4.80e+2 8.90e+1
4.24e+2 8.85e+1
2.46e+2 6.86e+1
7.50e+2 8.90e+1
3.87e+2 8.90e+1
2.54e+2 7.22e+1
2.82e+2 8.90e+1
5.89e+2 1.15e+2
6.42e+2 8.90e+1
1.73e+2 8.90e+1
6.06e+2 1.93e+2
5.91e+2 1.16e+2
5.85e+2 1.14e+2
5.87e+2 1.14e+2
5.83e+2 1.14e+2
4.86e+2 8.90e+1
1.41e+2 1.47e+2
5.20e+2 8.90e+1
6.26e+2 1.19e+2
6.28e+2 1.19e+2
6.40e+2 1.19e+2
7.07e+2 8.90e+1
6.62e+2 1.19e+2
3.70e+2 8.90e+1
3.08e+2 8.90e+1
3.10e+2 8.90e+1
6.64e+2 1.19e+2
6.66e+2 1.19e+2
6.68e+2 1.19e+2
7.13e+2 8.90e+1
5.95e+2 1.19e+2
3.28e+2 8.90e+1
3.30e+2 8.90e+1
3.03e+2 8.90e+1
2.14e+2 1.75e+2
6.44e+2 1.19e+2
6.43e+2 1.19e+2
3.92e+2 8.90e+1
4.18e+2 1.47e+2
1.57e+2 1.94e+2
6.19e+2 1.19e+2
6.21e+2 1.19e+2
6.23e+2 1.19e+2
6.55e+2 1.19e+2
6.30e+2 1.19e+2
4.30e+2 1.75e+2
6.52e+2 1.19e+2
5.86e+2 8.90e+1
4.98e+2 8.90e+1
6.56e+2 1.19e+2
1.81e+2 8.90e+1
6.36e+2 1.47e+2
1.85e+2 8.90e+1
1.87e+2 8.90e+1
2.27e+2 8.90e+1
6.38e+2 1.19e+2
2.67e+2 8.90e+1
6.53e+2 1.19e+2
3.07e+2 1.75e+2
6.32e+2 1.19e+2
6.34e+2 1.19e+2
3.95e+2 1.47e+2
5.48e+2 1.75e+2
6.01e+2 1.18e+2
6.41e+2 1.19e+2
6.49e+2 1.19e+2
6.61e+2 1.19e+2
3.52e+2 1.75e+2
5.22e+2 1.46e+2
6.18e+2 1.19e+2
6.45e+2 1.19e+2
6.47e+2 1.19e+2
6.59e+2 1.19e+2
5.48e+2 1.46e+2
3.33e+2 8.90e+1
3.96e+2 1.49e+2
3.95e+2 8.85e+1
5.45e+2 1.46e+2
6.78e+2 1.50e+2
5.43e+2 1.49e+2
3.97e+2 1.48e+2
3.99e+2 1.48e+2
5.46e+2 8.90e+1
6.16e+2 1.19e+2
5.21e+2 1.48e+2
2.17e+2 1.50e+2
6.48e+2 1.19e+2
6.17e+2 1.19e+2
5.21e+2 1.47e+2
5.23e+2 1.47e+2
4.31e+2 1.78e+2
9.04e+1 1.78e+2
9.24e+1 1.81e+2
5.94e+2 8.90e+1
5.98e+2 1.19e+2
1.83e+2 1.46e+2
9.92e+1 1.48e+2
1.01e+2 1.48e+2
6.05e+2 1.19e+2
6.07e+2 1.19e+2
5.97e+2 1.75e+2
2.68e+2 1.02e+2
7.19e+2 1.48e+2
3.96e+2 1.48e+2
3.98e+2 1.48e+2
6.38e+2 1.48e+2
5.99e+2 1.78e+2
6.01e+2 1.79e+2
7.96e+2 7.87e+1
2.01e+2 1.79e+2
5.21e+2 8.90e+1
5.51e+2 1.48e+2
1.89e+2 8.90e+1
1.74e+2 1.78e+2
4.33e+2 1.79e+2
6.09e+2 1.77e+2
1.84e+2 1.78e+2
5.42e+2 8.90e+1
5.44e+2 8.90e+1
7.13e+2 1.47e+2
7.15e+2 1.47e+2
2.20e+2 8.90e+1
6.63e+2 8.90e+1
1.83e+2 1.78e+2
7.21e+2 8.90e+1
3.54e+2 1.79e+2
1.04e+2 1.46e+2
5.52e+2 1.49e+2
8.55e+1 1.48e+2
6.95e+2 1.48e+2
6.97e+2 1.48e+2
7.36e+2 1.78e+2
6.16e+2 1.78e+2
6.22e+2 1.77e+2
6.04e+2 1.79e+2
6.12e+2 1.78e+2
1.07e+2 1.48e+2
6.15e+2 1.79e+2
7.09e+2 8.90e+1
2.81e+2 1.48e+2
5.75e+2 1.11e+2
1.85e+2 1.78e+2
6.14e+2 1.79e+2
4.49e+2 1.77e+2
2.38e+2 1.78e+2
3.27e+2 8.90e+1
2.28e+2 1.79e+2
1.91e+2 1.75e+2
1.93e+2 1.73e+2
1.95e+2 1.72e+2
4.50e+2 1.78e+2
4.36e+2 1.79e+2
4.38e+2 1.79e+2
6.08e+2 1.79e+2
7.77e+2 1.74e+2
6.13e+2 1.78e+2
7.40e+2 1.80e+2
2.23e+2 1.80e+2
3.07e+2 1.46e+2
1.57e+2 9.71e+1
4.73e+2 1.75e+2
1.26e+2 1.79e+2
6.20e+2 1.78e+2
7.80e+2 1.78e+2
2.25e+2 1.78e+2
2.92e+2 1.47e+2
2.94e+2 1.46e+2
2.82e+2 1.49e+2
6.18e+2 1.79e+2
7.91e+2 7.93e+1
6.07e+2 1.79e+2
6.30e+2 1.78e+2
6.98e+2 1.78e+2
7.17e+2 8.90e+1
7.19e+2 8.90e+1
3.05e+2 1.78e+2
4.44e+2 1.79e+2
6.06e+2 1.79e+2
5.98e+2 1.78e+2
7.96e+1 1.48e+2
7.37e+2 1.78e+2
7.55e+2 1.78e+2
5.70e+2 1.47e+2
6.09e+2 1.79e+2
4.47e+2 1.78e+2
4.51e+2 1.78e+2
2.20e+2 1.78e+2
2.19e+2 1.78e+2
6.01e+2 8.90e+1
1.24e+2 1.79e+2
2.36e+2 1.78e+2
4.33e+2 1.79e+2
4.35e+2 1.80e+2
2.17e+2 1.78e+2
4.32e+2 1.79e+2
5.25e+2 1.79e+2
3.03e+2 1.80e+2
2.19e+2 1.77e+2
5.70e+1 1.78e+2
5.43e+2 1.79e+2
5.38e+2 1.79e+2
5.42e+2 1.79e+2
2.83e+2 1.79e+2
7.95e+2 1.58e+2
7.77e+2 1.78e+2
7.51e+2 1.79e+2
7.53e+2 1.80e+2
2.15e+2 1.78e+2
2.01e+2 1.78e+2
5.79e+1 1.79e+2
2.21e+2 1.78e+2
7.37e+2 1.48e+2
5.53e+2 1.49e+2
2.84e+2 1.79e+2
2.33e+2 1.78e+2
2.35e+2 1.78e+2
4.30e+2 1.77e+2
6.88e+2 1.79e+2
5.21e+2 1.78e+2
5.16e+2 1.49e+2
4.34e+2 1.78e+2
6.14e+2 1.81e+2
7.50e+2 1.78e+2
2.24e+2 1.80e+2
2.26e+2 1.81e+2
5.32e+2 1.78e+2
4.54e+2 1.78e+2
6.98e+2 1.46e+2
7.00e+2 1.46e+2
6.12e+2 1.19e+2
5.79e+2 1.48e+2
4.42e+2 1.78e+2
1.78e+2 1.78e+2
5.21e+2 1.78e+2
6.29e+1 1.51e+2
6.48e+1 1.51e+2
6.68e+1 1.52e+2
6.28e+2 1.78e+2
7.96e+2 1.78e+2
6.13e+2 1.19e+2
6.06e+2 1.75e+2
7.95e+2 1.78e+2
1.52e+2 9.56e+1
6.82e+2 1.78e+2
6.37e+2 1.19e+2
5.45e+2 1.78e+2
6.97e+2 1.79e+2
5.36e+2 1.79e+2
6.12e+2 1.79e+2
7.93e+2 1.79e+2
4.42e+2 1.79e+2
1.88e+2 1.78e+2
2.82e+2 1.50e+2
2.84e+2 1.50e+2
2.86e+2 1.50e+2
5.05e+2 1.79e+2
2.75e+2 1.47e+2
6.85e+2 1.78e+2
6.73e+2 1.79e+2
1.84e+2 8.90e+1
7.43e+2 1.75e+2
6.95e+2 1.79e+2
6.72e+2 1.78e+2
5.60e+1 1.78e+2
1.90e+2 1.79e+2
6.71e+2 1.75e+2
6.95e+2 1.47e+2
5.46e+2 1.78e+2
6.20e+2 1.79e+2
7.47e+1 8.90e+1
7.66e+1 8.99e+1
1.05e+2 1.49e+2
1.07e+2 1.49e+2
1.10e+2 1.79e+2
7.90e+2 7.98e+1
4.26e+2 1.78e+2
7.90e+2 1.78e+2
2.89e+2 1.81e+2
6.16e+2 1.79e+2
6.18e+2 1.79e+2
2.67e+2 1.78e+2
5.30e+2 1.79e+2
4.38e+2 1.79e+2
4.36e+2 1.78e+2
2.17e+2 1.79e+2
2.89e+2 1.79e+2
1.31e+2 1.78e+2
1.76e+2 1.78e+2
3.73e+1 8.85e+1
3.93e+1 8.74e+1
4.40e+2 1.78e+2
2.00e+2 1.79e+2
3.04e+2 1.50e+2
7.87e+2 1.79e+2
4.37e+2 1.78e+2
4.23e+2 1.77e+2
2.66e+2 1.78e+2
5.97e+2 1.47e+2
5.99e+2 1.46e+2
1.23e+2 1.78e+2
6.95e+2 1.79e+2
4.05e+2 1.78e+2
2.11e+2 8.85e+1
3.06e+2 1.79e+2
5.54e+2 1.49e+2
6.86e+2 1.79e+2
2.14e+2 1.78e+2
7.02e+2 1.79e+2
1.66e+2 1.78e+2
3.07e+2 1.79e+2
4.41e+2 1.78e+2
5.20e+2 1.78e+2
2.86e+2 1.79e+2
5.12e+2 1.79e+2
7.57e+2 1.77e+2
2.79e+2 1.49e+2
3.44e+1 9.15e+1
3.63e+1 9.34e+1
1.33e+2 1.78e+2
6.73e+2 8.90e+1
2.16e+2 1.81e+2
7.84e+2 1.78e+2
5.61e+2 1.49e+2
5.34e+2 1.79e+2
1.09e+2 1.79e+2
1.08e+2 1.79e+2
1.05e+2 1.80e+2
1.97e+2 1.78e+2
3.50e+2 1.78e+2
7.49e+2 1.48e+2
1.64e+2 1.79e+2
2.90e+2 1.79e+2
1.13e+2 1.78e+2
7.33e+2 1.78e+2
6.22e+2 1.80e+2
6.74e+2 1.78e+2
4.22e+2 1.78e+2
1.37e+2 1.80e+2
4.04e+2 1.80e+2
4.75e+2 1.78e+2
5.76e+2 1.16e+2
5.78e+2 1.25e+2
5.79e+2 1.28e+2
5.07e+2 1.79e+2
5.99e+1 1.79e+2
6.75e+2 1.79e+2
2.28e+2 1.75e+2
5.15e+2 1.78e+2
2.30e+2 1.79e+2
3.64e+2 1.79e+2
2.03e+2 1.78e+2
3.90e+2 1.78e+2
5.08e+2 1.79e+2
3.89e+2 1.78e+2
2.42e+2 1.77e+2
1.78e+2 1.46e+2
2.45e+2 1.49e+2
1.45e+2 1.80e+2
2.02e+2 1.79e+2
7.37e+1 1.78e+2
7.85e+2 1.79e+2
3.01e+2 1.78e+2
6.92e+2 1.78e+2
7.83e+2 1.78e+2
1.96e+2 1.78e+2
5.59e+2 1.49e+2
1.22e+2 1.79e+2
4.14e+2 1.78e+2
5.65e+2 1.48e+2
6.43e+2 1.78e+2
3.46e+2 1.78e+2
6.19e+1 1.51e+2
4.04e+2 1.49e+2
4.43e+2 1.79e+2
4.45e+2 1.79e+2
7.47e+1 1.80e+2
1.34e+2 1.79e+2
6.48e+1 1.79e+2
7.82e+2 1.78e+2
6.27e+2 1.79e+2
1.82e+2 1.48e+2
3.61e+2 1.78e+2
1.44e+2 1.79e+2
5.80e+2 1.79e+2
6.52e+2 1.78e+2
4.01e+2 1.78e+2
5.77e+2 1.49e+2
9.73e+1 1.49e+2
4.77e+2 1.48e+2
7.86e+0 1.48e+2
3.55e+2 1.79e+2
6.49e+2 1.78e+2
6.09e+2 1.19e+2
6.11e+2 1.19e+2
5.10e+2 1.78e+2
2.44e+2 1.78e+2
3.54e+2 1.49e+2
3.56e+2 1.50e+2
2.10e+2 1.78e+2
3.08e+2 1.78e+2
3.18e+2 1.79e+2
7.12e+2 1.78e+2
1.11e+2 1.49e+2
1.78e+2 1.79e+2
1.80e+2 1.79e+2
6.80e+2 1.79e+2
9.92e+1 1.79e+2
7.79e+2 1.79e+2
5.31e+2 1.47e+2
5.33e+2 1.46e+2
2.46e+2 1.49e+2
5.75e+2 1.78e+2
5.09e+2 1.78e+2
1.86e+2 1.48e+2
2.54e+2 1.49e+2
2.30e+2 1.79e+2
5.76e+2 1.79e+2
2.83e+2 1.49e+2
3.79e+2 1.49e+2
5.82e+2 1.48e+2
1.03e+2 1.80e+2
6.68e+1 1.49e+2
1.54e+2 1.80e+2
5.19e+2 1.78e+2
6.88e+0 1.49e+2
1.04e+2 1.79e+2
7.88e+2 1.79e+2
5.43e+2 1.50e+2
6.53e+2 1.79e+2
4.18e+2 1.78e+2
4.20e+2 1.78e+2
1.09e+2 1.49e+2
9.24e+1 1.79e+2
1.06e+2 1.79e+2
5.37e+2 1.48e+2
6.19e+1 1.79e+2
6.58e+1 1.78e+2
6.62e+2 1.79e+2
4.92e+2 1.78e+2
6.97e+1 1.49e+2
6.37e+2 1.49e+2
4.00e+2 1.79e+2
5.30e+1 1.47e+2
2.40e+2 1.79e+2
2.61e+2 1.79e+2
1.98e+2 1.79e+2
2.80e+2 1.79e+2
5.18e+2 1.78e+2
7.47e+2 1.49e+2
5.93e+2 1.49e+2
5.73e+2 1.48e+2
2.40e+2 1.49e+2
1.60e+2 1.79e+2
2.09e+2 1.78e+2
5.57e+2 1.48e+2
5.86e+2 1.48e+2
6.70e+2 1.80e+2
7.22e+2 8.85e+1
7.24e+2 8.82e+1
7.26e+2 8.79e+1
2.40e+2 1.78e+2
5.55e+2 1.49e+2
6.35e+2 1.79e+2
4.94e+2 1.77e+2
3.57e+2 1.79e+2
6.48e+2 1.79e+2
6.46e+2 1.79e+2
3.59e+2 1.79e+2
6.24e+2 1.78e+2
2.12e+2 1.80e+2
4.87e+2 1.78e+2
7.59e+2 1.78e+2
2.39e+2 1.49e+2
3.76e+2 1.79e+2
1.55e+2 1.79e+2
7.84e+2 8.74e+1
6.56e+2 1.79e+2
7.45e+2 1.49e+2
2.45e+2 1.80e+2
2.47e+2 1.81e+2
3.79e+2 1.80e+2
3.48e+2 1.78e+2
1.40e+2 1.79e+2
2.38e+2 1.49e+2
5.55e+2 1.47e+2
5.88e+2 1.79e+2
6.90e+2 1.49e+2
5.58e+2 1.49e+2
3.84e+2 1.79e+2
2.88e+2 1.49e+2
7.44e+2 1.79e+2
7.41e+2 1.78e+2
5.62e+2 1.78e+2
7.50e+2 1.48e+2
2.04e+2 1.78e+2
3.09e+2 1.78e+2
6.23e+2 1.79e+2
4.71e+1 1.50e+2
3.19e+2 1.79e+2
7.48e+2 1.78e+2
5.86e+2 1.79e+2
4.91e+1 1.48e+2
7.25e+2 1.49e+2
7.27e+2 1.51e+2
5.79e+1 1.51e+2
5.99e+1 1.51e+2
3.83e+1 1.47e+2
1.87e+2 1.49e+2
3.17e+2 1.78e+2
2.60e+2 1.80e+2
5.82e+2 1.79e+2
8.45e+1 1.49e+2
7.66e+2 1.79e+2
3.95e+2 1.79e+2
5.57e+2 1.78e+2
5.01e+2 1.79e+2
7.08e+2 1.78e+2
7.22e+2 1.45e+2
6.22e+2 1.47e+2
2.56e+2 1.49e+2
5.66e+2 1.79e+2
5.81e+2 1.78e+2
3.93e+2 1.79e+2
5.83e+2 1.79e+2
3.00e+2 1.49e+2
6.59e+2 1.79e+2
7.11e+2 1.79e+2
7.56e+1 1.79e+2
1.70e+2 1.79e+2
4.50e+2 8.90e+1
4.52e+2 8.90e+1
4.82e+2 1.78e+2
5.96e+2 1.49e+2
3.75e+2 1.78e+2
1.63e+2 1.79e+2
4.61e+2 1.49e+2
1.67e+1 1.48e+2
2.97e+2 1.49e+2
7.74e+2 1.79e+2
8.74e+1 1.78e+2
2.77e+2 1.79e+2
9.63e+1 1.79e+2
5.16e+2 1.80e+2
2.96e+2 1.79e+2
5.84e+2 1.48e+2
2.71e+2 1.79e+2
7.71e+2 1.78e+2
3.73e+2 1.78e+2
1.76e+2 1.48e+2
4.83e+2 1.79e+2
4.85e+2 1.79e+2
5.56e+2 1.79e+2
6.89e+2 1.49e+2
6.79e+2 1.79e+2
5.44e+2 1.49e+2
6.35e+2 1.49e+2
3.83e+2 1.78e+2
5.65e+2 1.79e+2
7.06e+2 1.78e+2
6.41e+2 1.79e+2
1.89e+2 1.78e+2
7.36e+2 1.78e+2
4.86e+2 1.78e+2
4.77e+2 1.79e+2
4.83e+2 1.48e+2
1.59e+2 1.79e+2
1.17e+2 1.78e+2
3.74e+2 1.79e+2
1.21e+2 1.81e+2
6.68e+1 1.79e+2
2.74e+2 1.80e+2
5.49e+2 1.79e+2
5.21e+1 1.46e+2
4.80e+2 1.78e+2
1.74e+2 1.49e+2
5.74e+2 1.49e+2
6.45e+2 1.79e+2
8.06e+1 1.81e+2
4.11e+2 1.78e+2
4.17e+2 1.77e+2
4.06e+2 1.49e+2
4.80e+2 1.79e+2
4.82e+2 1.79e+2
6.95e+2 1.49e+2
5.73e+2 1.80e+2
5.61e+2 1.79e+2
9.24e+1 1.49e+2
6.38e+2 1.78e+2
4.76e+2 1.50e+2
4.78e+2 1.78e+2
9.83e+1 1.48e+2
7.66e+2 1.49e+2
3.81e+2 1.50e+2
3.83e+2 1.51e+2
3.85e+2 1.51e+2
2.34e+2 1.80e+2
3.58e+2 1.79e+2
6.19e+2 1.47e+2
2.72e+2 1.80e+2
3.75e+2 1.48e+2
3.40e+2 1.78e+2
7.62e+2 1.77e+2
3.65e+2 1.79e+2
5.64e+2 1.79e+2
9.63e+1 1.49e+2
5.01e+1 1.50e+2
8.65e+1 1.49e+2
4.27e+2 1.49e+2
1.14e+2 1.49e+2
6.39e+2 1.78e+2
3.52e+2 1.78e+2
2.23e+2 1.48e+2
3.34e+2 8.90e+1
3.36e+2 8.90e+1
9.83e+0 1.48e+2
2.38e+2 1.80e+2
7.34e+2 1.78e+2
2.53e+2 1.50e+2
2.89e+2 1.51e+2
9.33e+1 1.49e+2
7.70e+2 1.75e+2
7.72e+2 1.72e+2
7.74e+2 1.70e+2
6.05e+2 1.48e+2
7.26e+2 1.78e+2
5.59e+2 1.79e+2
6.63e+2 1.79e+2
2.35e+2 1.48e+2
2.33e+2 1.79e+2
5.63e+2 1.49e+2
7.66e+1 1.78e+2
5.46e+2 1.48e+2
7.73e+2 1.78e+2
2.58e+2 1.79e+2
8.35e+1 1.78e+2
6.03e+2 8.82e+1
3.52e+2 1.46e+2
1.42e+2 1.78e+2
4.48e+2 1.49e+2
1.08e+1 1.49e+2
2.45e+2 1.79e+2
3.41e+2 1.81e+2
2.05e+2 1.48e+2
9.04e+1 1.49e+2
5.62e+2 1.49e+2
2.67e+2 1.46e+2
4.28e+2 1.47e+2
5.45e+2 1.49e+2
3.80e+2 1.79e+2
4.76e+2 1.78e+2
2.75e+1 1.46e+2
2.94e+1 1.44e+2
4.22e+1 1.49e+2
5.48e+2 8.83e+1
3.97e+2 1.78e+2
7.07e+1 1.79e+2
8.84e+1 1.79e+2
7.07e+2 1.79e+2
4.78e+2 1.79e+2
3.76e+2 1.49e+2
5.92e+2 1.79e+2
3.18e+2 1.48e+2
4.05e+2 1.49e+2
5.11e+1 8.90e+1
2.73e+2 1.79e+2
4.71e+2 1.78e+2
1.16e+2 1.80e+2
2.22e+2 1.49e+2
7.70e+2 1.79e+2
7.80e+2 8.90e+1
4.98e+2 1.79e+2
6.97e+1 1.79e+2
2.57e+2 1.78e+2
2.55e+2 1.49e+2
3.78e+2 1.48e+2
6.03e+2 1.80e+2
6.05e+2 1.80e+2
1.80e+2 1.45e+2
2.06e+2 1.79e+2
5.78e+2 1.48e+2
3.79e+2 8.90e+1
5.72e+2 1.79e+2
1.86e+1 1.49e+2
5.67e+2 1.79e+2
6.57e+2 1.78e+2
2.95e+2 1.78e+2
2.54e+2 1.49e+2
5.11e+1 1.48e+2
1.13e+2 1.49e+2
6.03e+2 1.47e+2
4.74e+2 1.49e+2
3.15e+2 1.79e+2
7.04e+2 1.79e+2
7.24e+2 1.78e+2
7.64e+2 1.51e+2
7.48e+2 1.49e+2
8.55e+1 1.79e+2
1.15e+2 1.49e+2
1.16e+2 1.48e+2
6.00e+2 1.78e+2
5.96e+2 1.78e+2
4.93e+2 1.79e+2
7.53e+2 1.50e+2
7.54e+2 1.50e+2
3.05e+2 1.49e+2
2.59e+2 1.81e+2
6.73e+2 1.49e+2
5.23e+2 8.90e+1
2.75e+2 1.49e+2
2.86e+2 1.49e+2
7.18e+2 1.49e+2
6.72e+2 1.49e+2
3.67e+2 1.78e+2
4.11e+2 1.50e+2
4.73e+2 1.78e+2
4.14e+2 1.49e+2
4.12e+1 1.49e+2
4.91e+2 1.78e+2
4.12e+2 1.48e+2
4.52e+2 1.48e+2
3.42e+2 1.80e+2
2.29e+2 1.48e+2
3.38e+2 1.78e+2
1.67e+1 1.49e+2
4.10e+2 1.49e+2
5.64e+2 1.49e+2
6.34e+2 1.49e+2
4.84e+2 1.48e+2
4.80e+2 1.47e+2
4.82e+2 1.46e+2
7.25e+2 1.78e+2
4.86e+2 1.81e+2
4.88e+2 1.81e+2
4.90e+2 1.82e+2
4.25e+2 1.50e+2
5.48e+2 1.49e+2
6.64e+2 1.48e+2
6.70e+2 1.51e+2
7.68e+2 1.82e+2
2.03e+2 8.90e+1
2.07e+2 1.49e+2
4.59e+2 1.50e+2
3.27e+2 1.49e+2
3.53e+1 1.49e+2
2.02e+2 1.48e+2
2.04e+2 1.48e+2
7.24e+2 1.50e+2
3.05e+2 8.90e+1
3.07e+2 8.90e+1
4.13e+2 1.48e+2
1.86e+2 1.78e+2
5.71e+2 1.49e+2
5.97e+2 1.78e+2
3.96e+2 1.49e+2
6.65e+2 1.49e+2
6.78e+2 1.80e+2
8.74e+1 1.48e+2
7.11e+2 1.48e+2
6.77e+2 1.79e+2
1.73e+2 1.49e+2
7.38e+2 1.79e+2
9.43e+1 1.48e+2
2.12e+2 1.48e+2
4.03e+1 8.90e+1
4.22e+1 8.86e+1
4.42e+1 8.89e+1
3.82e+2 1.79e+2
5.91e+2 1.79e+2
3.97e+2 1.50e+2
5.42e+2 1.49e+2
3.34e+2 1.78e+2
4.58e+2 1.79e+2
4.71e+1 1.48e+2
7.05e+2 1.78e+2
5.77e+2 1.50e+2
4.69e+2 1.78e+2
5.72e+2 1.49e+2
1.83e+2 1.47e+2
1.19e+2 1.79e+2
3.44e+1 1.48e+2
4.23e+2 1.48e+2
3.93e+0 1.48e+2
5.99e+2 1.79e+2
7.37e+1 8.90e+1
1.37e+1 1.49e+2
2.63e+2 1.49e+2
2.06e+2 1.95e+2
4.66e+2 1.49e+2
4.10e+2 1.80e+2
3.29e+2 1.49e+2
3.14e+1 1.49e+2
5.81e+2 1.47e+2
2.53e+2 1.78e+2
7.52e+2 1.49e+2
7.63e+2 1.49e+2
3.62e+2 8.90e+1
3.64e+2 8.90e+1
8.25e+1 1.78e+2
3.81e+2 1.80e+2
1.83e+2 1.74e+2
1.85e+2 1.72e+2
2.11e+2 1.49e+2
2.21e+2 1.49e+2
4.22e+2 1.49e+2
4.91e+0 1.48e+2
8.25e+1 1.49e+2
9.53e+1 1.49e+2
5.75e+2 1.48e+2
2.81e+2 1.49e+2
7.29e+2 8.90e+1
2.94e+0 1.49e+2
6.06e+2 1.49e+2
1.27e+1 1.49e+2
3.83e+2 1.49e+2
3.69e+2 1.79e+2
2.08e+2 1.48e+2
1.48e+2 1.48e+2
4.81e+1 1.49e+2
2.33e+2 1.48e+2
7.73e+2 1.49e+2
4.20e+2 1.49e+2
4.09e+2 1.48e+2
4.59e+2 1.80e+2
4.12e+2 1.48e+2
5.87e+2 1.49e+2
3.32e+2 1.78e+2
5.65e+2 1.49e+2
5.01e+2 1.49e+2
3.98e+2 1.49e+2
5.22e+2 1.48e+2
5.87e+2 1.78e+2
1.20e+2 1.80e+2
4.32e+1 1.50e+2
4.52e+1 1.50e+2
1.86e+1 1.50e+2
3.16e+2 1.49e+2
2.92e+2 1.49e+2
6.52e+2 1.48e+2
6.54e+2 1.47e+2
6.63e+2 1.49e+2
5.99e+1 1.81e+2
4.49e+2 1.79e+2
4.51e+2 1.79e+2
5.05e+2 1.49e+2
7.53e+2 1.49e+2
4.49e+2 1.47e+2
2.95e+2 1.49e+2
7.49e+2 1.48e+2
2.56e+2 1.78e+2
2.47e+2 1.49e+2
6.68e+2 1.48e+2
1.76e+1 1.48e+2
1.73e+2 1.79e+2
6.91e+2 1.48e+2
6.92e+2 1.47e+2
4.74e+2 1.79e+2
1.32e+2 1.48e+2
1.34e+2 1.48e+2
8.06e+1 1.49e+2
4.65e+2 1.78e+2
2.26e+1 1.51e+2
2.45e+1 1.52e+2
4.63e+2 1.78e+2
2.61e+2 1.49e+2
4.15e+2 1.49e+2
3.30e+2 1.78e+2
5.85e+2 1.49e+2
2.13e+2 1.48e+2
4.31e+2 1.50e+2
7.59e+2 1.48e+2
4.73e+2 1.50e+2
7.06e+2 1.49e+2
7.58e+2 1.48e+2
7.28e+2 1.78e+2
1.95e+2 1.96e+2
5.51e+2 1.49e+2
4.47e+2 1.79e+2
2.68e+2 1.49e+2
7.21e+2 1.78e+2
3.53e+1 1.50e+2
2.07e+2 1.48e+2
7.28e+2 1.48e+2
6.76e+2 1.49e+2
5.94e+2 1.48e+2
3.04e+1 1.48e+2
1.94e+2 1.49e+2
3.29e+2 1.79e+2
7.29e+2 1.49e+2
5.40e+1 8.90e+1
7.16e+2 8.90e+1
7.31e+2 1.49e+2
2.21e+2 1.48e+2
2.23e+2 1.48e+2
4.67e+2 1.49e+2
3.23e+2 1.79e+2
4.26e+2 1.46e+2
2.46e+2 1.79e+2
2.25e+2 1.49e+2
2.19e+2 1.49e+2
1.62e+2 1.49e+2
1.37e+2 1.49e+2
3.86e+2 1.48e+2
3.84e+2 1.49e+2
4.53e+2 1.48e+2
7.44e+2 1.46e+2
7.46e+2 1.46e+2
1.40e+2 1.49e+2
1.47e+1 1.48e+2
4.98e+2 1.49e+2
4.34e+2 1.48e+2
1.21e+2 1.48e+2
3.22e+2 1.47e+2
3.24e+2 1.47e+2
2.00e+2 1.46e+2
2.14e+2 1.49e+2
2.05e+2 1.48e+2
5.81e+2 1.49e+2
5.79e+2 1.49e+2
7.71e+2 1.48e+2
7.73e+2 1.48e+2
5.41e+2 8.90e+1
5.30e+1 1.49e+2
7.30e+2 1.78e+2
4.08e+2 1.50e+2
4.10e+2 1.51e+2
6.02e+2 1.49e+2
6.15e+2 1.49e+2
5.92e+2 1.49e+2
2.09e+2 1.47e+2
2.11e+2 1.46e+2
5.74e+2 1.50e+2
4.05e+2 1.48e+2
4.35e+2 1.48e+2
1.94e+2 9.76e+1
3.44e+1 1.49e+2
8.15e+1 1.49e+2
5.68e+2 1.79e+2
3.25e+2 1.79e+2
7.20e+2 1.78e+2
7.66e+2 1.78e+2
5.90e+2 1.47e+2
6.69e+2 1.50e+2
3.94e+2 1.50e+2
1.51e+2 1.49e+2
5.73e+2 1.50e+2
4.47e+2 1.49e+2
4.68e+2 1.79e+2
2.60e+2 1.49e+2
1.97e+2 1.48e+2
4.06e+2 1.50e+2
3.24e+2 1.79e+2
4.12e+1 1.51e+2
3.28e+2 1.78e+2
6.73e+2 1.48e+2
2.51e+2 1.79e+2
2.55e+2 1.79e+2
4.83e+2 1.49e+2
4.85e+2 1.49e+2
3.05e+2 1.48e+2
7.62e+2 1.49e+2
4.92e+2 1.49e+2
4.99e+2 1.49e+2
5.21e+1 1.48e+2
7.17e+2 1.81e+2
1.90e+2 1.48e+2
1.90e+2 1.50e+2
1.92e+2 1.50e+2
1.92e+2 1.49e+2
1.33e+2 1.49e+2
3.25e+2 1.49e+2
7.83e+2 8.90e+1
3.22e+2 1.79e+2
7.68e+2 1.79e+2
4.56e+2 1.49e+2
2.47e+2 1.79e+2
7.90e+2 1.59e+2
5.60e+1 1.47e+2
3.83e+1 1.49e+2
1.63e+2 1.49e+2
5.57e+2 1.50e+2
5.59e+2 1.50e+2
5.61e+2 1.50e+2
3.11e+2 1.49e+2
2.09e+2 1.49e+2
1.45e+2 1.50e+2
4.93e+2 1.49e+2
4.58e+2 1.49e+2
5.40e+1 1.49e+2
7.70e+2 1.49e+2
1.52e+2 1.50e+2
4.77e+2 1.48e+2
3.26e+2 1.79e+2
7.65e+2 1.78e+2
3.93e+2 1.49e+2
1.42e+2 1.50e+2
4.27e+2 1.49e+2
4.89e+2 1.49e+2
1.86e+2 1.49e+2
1.70e+2 1.49e+2
4.56e+2 1.49e+2
1.17e+2 1.49e+2
4.52e+2 1.49e+2
3.10e+2 1.48e+2
6.31e+2 1.49e+2
6.33e+2 1.49e+2
1.56e+2 1.45e+2
6.52e+2 1.50e+2
5.40e+1 1.79e+2
6.13e+2 1.48e+2
7.16e+2 1.48e+2
5.23e+2 1.49e+2
6.03e+2 1.49e+2
7.87e+2 1.60e+2
4.92e+2 1.49e+2
1.69e+2 1.50e+2
2.73e+2 1.49e+2
7.67e+2 1.49e+2
7.88e+2 1.60e+2
1.61e+2 1.49e+2
4.81e+2 1.49e+2
4.21e+2 1.48e+2
7.01e+2 1.49e+2
4.16e+2 1.49e+2
4.63e+2 1.49e+2
7.69e+2 1.49e+2
7.68e+2 1.49e+2
4.78e+2 1.49e+2
3.20e+2 1.48e+2
3.91e+2 1.49e+2
4.68e+2 1.49e+2
5.10e+2 1.49e+2
7.41e+2 1.49e+2
6.21e+2 1.49e+2
5.35e+2 1.49e+2
4.97e+2 1.49e+2
6.88e+2 1.49e+2
6.14e+2 1.49e+2
1.50e+2 1.49e+2
6.56e+2 1.49e+2
4.32e+2 1.48e+2
3.81e+2 8.90e+1
3.83e+2 8.90e+1
2.71e+2 1.49e+2
5.89e+1 1.49e+2
1.98e+2 1.46e+2
5.32e+2 8.90e+1
3.93e+1 1.49e+2
2.01e+2 1.45e+2
2.07e+2 8.90e+1
4.54e+2 1.49e+2
2.32e+2 1.49e+2
6.14e+2 1.49e+2
6.16e+2 1.50e+2
7.04e+2 1.49e+2
7.19e+2 1.48e+2
6.20e+2 1.49e+2
1.41e+2 1.49e+2
7.81e+2 1.62e+2
4.03e+1 1.50e+2
4.63e+2 1.48e+2
1.47e+2 1.49e+2
1.31e+2 1.50e+2
6.39e+2 1.48e+2
1.08e+2 1.47e+2
5.21e+2 1.49e+2
4.69e+2 1.49e+2
5.70e+2 1.49e+2
7.53e+2 1.49e+2
7.03e+2 1.49e+2
6.48e+1 1.49e+2
5.03e+2 1.49e+2
3.07e+2 1.50e+2
2.91e+2 1.49e+2
2.52e+2 1.48e+2
7.09e+2 1.49e+2
7.75e+2 1.49e+2
4.82e+2 1.49e+2
7.85e+2 1.49e+2
7.63e+2 1.78e+2
1.17e+2 1.48e+2
1.19e+2 1.48e+2
6.01e+2 1.49e+2
7.18e+2 1.79e+2
3.69e+2 1.48e+2
2.20e+2 1.49e+2
2.26e+1 1.48e+2
1.49e+2 1.48e+2
1.48e+2 1.48e+2
2.16e+1 1.49e+2
1.51e+2 1.47e+2
2.79e+2 1.49e+2
3.24e+1 1.50e+2
5.60e+1 8.90e+1
4.17e+2 1.49e+2
6.51e+2 1.50e+2
3.27e+2 1.51e+2
3.29e+2 1.52e+2
1.52e+2 1.49e+2
1.53e+2 1.49e+2
1.55e+2 1.49e+2
7.57e+2 1.49e+2
6.28e+2 1.48e+2
4.00e+2 1.49e+2
5.60e+1 1.79e+2
5.79e+1 1.80e+2
6.44e+2 1.49e+2
7.40e+2 1.48e+2
6.78e+2 1.48e+2
7.42e+2 1.49e+2
1.72e+2 1.48e+2
3.70e+2 1.50e+2
2.90e+2 1.49e+2
3.57e+2 1.49e+2
4.70e+2 1.50e+2
4.78e+2 1.49e+2
7.50e+2 1.49e+2
6.18e+2 1.49e+2
4.43e+2 1.48e+2
4.45e+2 1.48e+2
5.07e+2 1.49e+2
7.05e+2 1.48e+2
1.02e+2 1.49e+2
6.88e+1 1.50e+2
3.12e+2 1.50e+2
2.27e+2 1.49e+2
2.35e+1 1.49e+2
1.75e+2 1.46e+2
2.51e+2 1.49e+2
3.31e+2 1.48e+2
1.71e+2 1.49e+2
4.62e+2 1.48e+2
6.62e+2 1.49e+2
4.19e+2 1.49e+2
7.89e+2 1.59e+2
3.47e+2 1.48e+2
2.67e+2 1.49e+2
2.18e+2 1.48e+2
2.20e+2 1.48e+2
5.12e+2 1.49e+2
3.35e+2 1.48e+2
7.86e+2 8.85e+1
2.85e+1 1.48e+2
5.40e+2 1.49e+2
2.48e+2 1.79e+2
3.49e+2 1.46e+2
3.51e+2 1.46e+2
2.49e+2 1.78e+2
7.17e+1 1.49e+2
5.53e+2 1.47e+2
3.90e+2 1.50e+2
2.28e+2 1.49e+2
7.14e+2 1.49e+2
1.46e+2 1.49e+2
3.31e+2 1.46e+2
3.33e+2 1.43e+2
1.83e+2 1.49e+2
1.85e+2 1.48e+2
6.60e+2 1.49e+2
3.04e+2 1.48e+2
4.31e+2 1.49e+2
3.36e+2 1.49e+2
1.43e+2 1.50e+2
6.45e+2 1.48e+2
4.50e+2 1.49e+2
6.19e+1 1.49e+2
2.66e+2 1.49e+2
5.28e+2 1.49e+2
7.83e+2 1.48e+2
2.06e+1 1.48e+2
7.10e+2 1.48e+2
7.56e+2 1.48e+2
3.36e+2 1.50e+2
3.38e+2 1.50e+2
4.59e+2 1.49e+2
1.89e+2 1.50e+2
3.32e+2 1.80e+2
6.61e+2 1.48e+2
6.11e+2 1.48e+2
4.40e+2 1.48e+2
6.26e+2 1.50e+2
4.96e+2 1.49e+2
5.99e+2 1.49e+2
4.42e+2 1.49e+2
5.39e+2 1.49e+2
4.81e+1 8.90e+1
1.68e+2 1.49e+2
5.21e+2 8.90e+1
5.75e+2 1.50e+2
4.40e+2 1.48e+2
1.45e+2 1.49e+2
1.79e+2 1.49e+2
4.53e+2 1.49e+2
7.21e+2 1.49e+2
6.64e+2 8.90e+1
6.66e+2 8.90e+1
1.23e+2 1.48e+2
2.44e+2 1.48e+2
2.46e+2 1.47e+2
2.48e+2 1.46e+2
3.68e+2 1.48e+2
3.70e+2 1.49e+2
7.20e+2 1.48e+2
1.69e+2 1.49e+2
1.71e+2 1.49e+2
5.38e+2 1.49e+2
5.26e+2 8.90e+1
1.88e+2 1.49e+2
5.51e+2 8.90e+1
4.44e+2 1.49e+2
2.91e+2 1.78e+2
5.21e+1 8.90e+1
1.58e+2 1.46e+2
1.60e+2 1.45e+2
1.62e+2 1.45e+2
3.41e+2 1.48e+2
4.20e+2 1.46e+2
1.81e+2 1.50e+2
6.19e+1 1.81e+2
6.38e+1 1.82e+2
6.58e+1 1.82e+2
3.55e+2 1.49e+2
8.45e+1 1.47e+2
5.36e+2 1.50e+2
4.45e+2 1.48e+2
3.56e+2 1.47e+2
2.65e+1 1.49e+2
3.46e+2 1.48e+2
5.67e+2 1.48e+2
3.58e+2 1.49e+2
1.25e+2 1.48e+2
6.59e+2 1.49e+2
3.71e+2 1.49e+2
7.36e+2 1.49e+2
3.58e+2 1.46e+2
4.17e+2 1.48e+2
6.78e+1 1.48e+2
5.16e+2 1.49e+2
1.67e+2 1.50e+2
1.16e+2 1.49e+2
4.52e+1 8.90e+1
1.90e+2 1.48e+2
3.18e+2 1.49e+2
3.39e+2 1.50e+2
2.50e+2 1.49e+2
4.30e+2 1.48e+2
1.44e+2 1.47e+2
1.15e+2 1.48e+2
1.72e+2 1.49e+2
7.62e+2 1.78e+2
7.34e+2 1.49e+2
5.11e+2 8.90e+1
6.46e+2 1.48e+2
5.06e+2 1.48e+2
4.96e+2 1.49e+2
7.71e+2 2.95e+1
2.30e+2 1.49e+2
1.23e+2 1.47e+2
7.81e+2 1.49e+2
7.83e+2 1.50e+2
3.59e+2 1.49e+2
1.73e+2 1.48e+2
5.29e+2 1.48e+2
4.16e+2 1.48e+2
3.14e+2 1.46e+2
6.09e+2 1.47e+2
3.68e+2 1.49e+2
3.66e+2 1.48e+2
2.10e+2 1.96e+2
3.89e+2 1.49e+2
6.58e+2 1.49e+2
5.25e+2 1.49e+2
3.77e+2 8.90e+1
3.54e+2 1.49e+2
2.00e+2 1.99e+2
6.23e+2 1.49e+2
3.17e+2 1.50e+2
7.80e+2 1.48e+2
7.11e+2 1.49e+2
4.38e+2 1.49e+2
7.84e+2 8.90e+1
4.12e+1 1.46e+2
6.86e+2 1.49e+2
3.45e+2 1.49e+2
1.40e+2 1.49e+2
6.50e+2 1.49e+2
1.15e+2 1.49e+2
5.28e+2 8.90e+1
3.34e+1 8.90e+1
6.57e+2 1.50e+2
3.22e+2 8.79e+1
6.58e+1 1.51e+2
5.17e+2 1.49e+2
1.28e+2 1.49e+2
3.45e+2 1.50e+2
3.43e+2 1.48e+2
5.54e+2 8.90e+1
4.34e+2 1.50e+2
7.33e+2 1.49e+2
6.85e+2 1.48e+2
6.47e+2 1.49e+2
6.49e+2 1.49e+2
3.92e+2 1.49e+2
5.25e+2 8.90e+1
6.24e+2 1.49e+2
5.36e+2 8.90e+1
5.38e+2 8.90e+1
5.40e+2 8.90e+1
7.76e+2 1.47e+2
2.32e+2 1.49e+2
4.97e+2 1.48e+2
7.61e+2 1.79e+2
3.64e+2 1.49e+2
7.07e+1 8.71e+1
7.27e+1 8.62e+1
5.85e+2 1.77e+2
5.95e+2 1.48e+2
3.60e+2 1.48e+2
4.37e+2 1.47e+2
4.39e+2 1.47e+2
7.58e+2 1.79e+2
7.60e+2 1.79e+2
4.66e+2 8.90e+1
1.11e+2 1.48e+2
4.75e+2 1.49e+2
3.47e+2 1.49e+2
3.19e+2 1.46e+2
4.13e+2 1.49e+2
4.15e+2 1.49e+2
2.11e+2 1.97e+2
3.38e+2 8.90e+1
3.50e+2 1.48e+2
3.61e+2 1.48e+2
1.87e+2 1.50e+2
4.74e+2 1.49e+2
6.64e+2 1.48e+2
7.52e+2 1.46e+2
3.53e+2 1.50e+2
5.79e+2 1.47e+2
2.00e+2 1.49e+2
7.80e+2 1.49e+2
2.42e+2 1.50e+2
3.24e+1 8.73e+1
3.41e+2 8.90e+1
3.43e+2 1.49e+2
2.58e+2 1.50e+2
2.60e+2 1.51e+2
5.12e+2 8.90e+1
5.14e+2 8.90e+1
2.12e+2 1.97e+2
7.62e+2 8.90e+1
5.79e+1 8.90e+1
1.99e+2 1.48e+2
5.35e+2 8.90e+1
7.60e+2 8.90e+1
3.48e+2 1.49e+2
7.78e+2 1.63e+2
7.80e+2 1.63e+2
4.99e+2 1.48e+2
5.01e+2 1.48e+2
7.53e+2 1.79e+2
7.55e+2 1.80e+2
1.98e+2 1.49e+2
7.10e+2 1.46e+2
5.31e+2 8.90e+1
3.47e+2 8.84e+1
3.49e+2 8.83e+1
9.04e+1 1.46e+2
7.74e+2 1.64e+2
3.41e+2 1.49e+2
5.73e+2 1.47e+2
2.21e+2 1.00e+2
3.04e+1 8.90e+1
7.59e+2 8.90e+1
2.36e+2 1.49e+2
4.70e+2 8.90e+1
7.89e+2 8.90e+1
2.37e+2 1.50e+2
2.39e+2 1.50e+2
2.41e+2 1.51e+2
7.76e+2 1.49e+2
6.56e+2 8.90e+1
4.65e+2 8.90e+1
3.60e+2 1.47e+2
3.62e+2 1.47e+2
7.79e+2 1.49e+2
7.71e+2 8.90e+1
7.73e+2 8.90e+1
7.75e+2 8.90e+1
4.68e+2 8.90e+1
2.21e+2 2.00e+2
2.23e+2 2.00e+2
2.25e+2 2.00e+2
6.27e+2 1.49e+2
4.72e+2 8.90e+1
4.74e+2 8.90e+1
6.59e+2 1.49e+2
3.43e+2 8.90e+1
7.66e+2 8.39e+1
2.16e+2 1.99e+2
6.68e+1 8.90e+1
6.88e+1 8.90e+1
1.96e+2 1.46e+2
4.22e+2 1.46e+2
2.15e+2 1.99e+2
7.33e+2 8.90e+1
2.20e+2 2.01e+2
7.55e+2 8.90e+1
7.57e+2 8.90e+1
5.71e+2 9.15e+1
2.19e+2 2.00e+2


1.17e+1 8.90e+1
3.51e+2 8.90e+1
3.53e+2 8.93e+1
7.63e+2 8.90e+1
2.65e+1 8.83e+1
2.85e+1 8.80e+1
3.46e+2 8.90e+1
5.30e+2 8.90e+1
7.86e+2 1.46e+2
7.88e+2 1.45e+2
7.70e+2 8.90e+1
3.00e+2 1.50e+2
5.89e+1 8.90e+1
4.02e+2 8.90e+1
5.55e+2 1.46e+2
7.86e+0 8.90e+1
7.96e+2 8.90e+1
4.06e+2 8.90e+1
4.63e+2 8.90e+1
7.64e+2 8.90e+1
2.71e+2 8.90e+1
3.75e+2 8.90e+1
7.51e+2 1.78e+2
4.67e+2 1.47e+2
4.69e+2 1.46e+2
4.98e+2 1.47e+2
1.76e+1 8.90e+1
1.96e+1 8.90e+1
7.66e+2 8.90e+1
7.68e+2 8.89e+1
2.06e+1 8.90e+1
2.26e+1 8.90e+1
2.45e+1 8.90e+1
7.47e+2 1.74e+2
9.04e+1 8.83e+1
9.24e+1 8.80e+1
7.66e+2 1.67e+2
7.68e+2 1.66e+2
3.45e+2 8.83e+1
2.74e+2 2.03e+2
2.76e+2 2.03e+2
7.50e+2 8.90e+1
7.52e+2 8.91e+1
7.53e+2 8.91e+1
7.38e+2 8.90e+1
7.57e+2 1.70e+2
7.59e+2 1.70e+2
2.98e+2 1.48e+2
6.09e+1 8.90e+1
7.92e+2 8.85e+1
8.74e+1 8.90e+1
4.61e+2 8.90e+1
5.56e+2 8.90e+1
5.58e+2 8.89e+1
5.60e+2 8.91e+1
4.04e+2 8.90e+1
5.63e+2 8.90e+1
5.65e+2 8.90e+1
5.89e+0 8.90e+1
6.29e+1 8.90e+1
6.48e+1 8.90e+1
5.68e+2 8.90e+1
5.70e+2 8.90e+1
9.53e+1 8.91e+1
4.90e+2 8.85e+1
4.92e+2 8.82e+1
7.50e+2 1.73e+2
6.21e+2 8.90e+1
6.23e+2 8.90e+1
7.45e+2 1.48e+2
8.55e+1 8.90e+1
1.47e+1 8.90e+1
1.68e+2 8.90e+1
4.73e+2 1.47e+2
5.06e+2 8.90e+1
7.43e+2 8.79e+1
7.45e+2 8.78e+1
4.94e+2 8.90e+1
6.20e+2 8.90e+1
7.48e+2 8.92e+1
5.76e+2 8.90e+1
5.98e+2 8.90e+1
1.31e+2 8.85e+1
2.93e+2 8.90e+1
7.96e+1 8.90e+1
4.00e+2 8.90e+1
4.87e+2 8.90e+1
4.89e+2 8.90e+1
6.85e+2 1.49e+2
4.28e+2 8.85e+1
1.74e+2 8.85e+1
5.78e+2 8.82e+1
2.74e+2 8.85e+1
2.76e+2 8.77e+1
4.21e+2 8.85e+1
4.23e+2 8.82e+1
4.31e+2 8.92e+1
6.49e+2 8.90e+1
6.51e+2 8.90e+1
7.47e+2 8.74e+1
2.88e+2 8.90e+1
4.19e+2 8.90e+1
6.47e+2 8.90e+1
3.68e+2 8.90e+1
3.31e+2 8.85e+1
6.42e+2 8.90e+1
1.75e+2 8.85e+1
1.77e+2 8.85e+1
7.41e+2 8.85e+1
3.57e+2 8.85e+1
2.97e+2 8.90e+1
4.17e+2 8.90e+1
2.79e+2 1.97e+2
6.83e+2 1.47e+2
2.59e+2 1.97e+2
3.11e+2 8.90e+1
7.75e+2 6.66e+1
4.55e+2 8.90e+1
3.92e+2 9.35e+1
7.26e+2 8.90e+1
1.83e+2 9.35e+1
1.85e+2 9.35e+1
4.77e+2 9.35e+1
6.86e+2 1.47e+2
3.23e+2 9.35e+1
3.22e+2 9.35e+1
2.13e+2 8.85e+1
2.35e+1 9.35e+1
5.36e+2 9.35e+1
3.21e+2 9.35e+1
4.91e+2 9.35e+1
2.89e+2 9.35e+1
7.07e+1 9.35e+1
5.25e+2 9.35e+1
2.16e+1 9.35e+1
7.17e+1 9.35e+1
3.26e+2 9.35e+1
2.89e+2 9.35e+1
3.20e+2 9.35e+1
3.14e+1 9.35e+1
3.34e+1 9.35e+1
1.27e+1 9.35e+1
2.97e+2 9.35e+1
3.04e+1 9.35e+1
3.44e+1 9.35e+1
7.56e+1 9.35e+1
2.93e+2 9.35e+1
3.29e+2 9.35e+1
3.39e+2 9.35e+1
2.98e+2 9.35e+1
2.08e+2 8.90e+1
3.41e+2 9.35e+1
2.85e+1 9.35e+1
1.08e+2 9.35e+1
3.40e+2 9.35e+1
2.55e+1 9.35e+1
2.65e+1 9.35e+1
3.38e+2 9.35e+1
1.11e+2 9.35e+1
8.55e+1 9.35e+1
2.77e+2 9.35e+1
1.96e+1 9.35e+1
1.05e+2 9.35e+1
1.03e+2 9.35e+1
2.90e+2 9.35e+1
7.47e+1 9.35e+1
6.88e+2 1.47e+2
2.75e+2 9.35e+1
2.58e+2 9.35e+1
9.92e+1 9.35e+1
3.31e+2 9.35e+1
2.86e+2 9.35e+1
3.43e+2 9.35e+1
5.79e+2 9.35e+1
3.36e+2 9.35e+1
3.50e+2 9.35e+1
3.10e+2 9.35e+1
3.52e+2 9.35e+1
9.04e+1 9.35e+1
3.18e+2 9.35e+1
3.45e+2 9.35e+1
3.47e+2 9.35e+1
5.30e+1 9.35e+1
1.99e+2 8.85e+1
3.17e+2 9.35e+1
2.05e+2 8.85e+1
3.80e+2 9.35e+1
3.82e+2 9.35e+1
3.54e+2 9.35e+1
8.45e+1 9.35e+1
1.15e+2 9.35e+1
9.73e+1 9.35e+1
1.18e+2 9.35e+1
1.20e+2 9.35e+1
4.52e+1 9.35e+1
5.21e+1 9.35e+1
9.63e+1 9.35e+1
1.16e+2 9.35e+1
3.32e+2 9.35e+1
8.94e+1 9.35e+1
9.53e+1 9.35e+1
5.50e+1 9.35e+1
2.52e+2 9.35e+1
3.09e+2 9.35e+1
7.66e+1 9.35e+1
3.49e+2 9.35e+1
5.56e+2 9.35e+1
1.01e+2 9.35e+1
3.08e+2 9.35e+1
4.71e+1 9.35e+1
4.91e+1 9.35e+1
3.11e+2 9.35e+1
1.95e+2 8.85e+1
9.33e+1 9.35e+1
3.83e+1 9.35e+1
2.57e+2 9.35e+1
7.82e+2 9.35e+1
2.47e+2 9.35e+1
2.78e+2 9.30e+1
2.37e+2 9.35e+1
4.81e+1 9.35e+1
2.69e+2 9.35e+1
3.61e+2 9.35e+1
3.60e+2 9.35e+1
3.77e+2 9.35e+1
2.51e+2 9.35e+1
6.09e+1 9.35e+1
2.53e+2 9.35e+1
5.79e+1 9.35e+1
3.03e+2 9.35e+1
3.55e+2 9.35e+1
7.09e+2 8.85e+1
2.91e+2 9.35e+1
3.71e+2 9.35e+1
3.34e+2 9.35e+1
8.74e+1 9.35e+1
6.78e+1 9.35e+1
1.97e+2 8.85e+1
2.45e+2 9.35e+1
3.04e+2 9.35e+1
2.80e+2 9.30e+1
3.53e+1 9.35e+1
5.99e+1 9.35e+1
3.62e+2 9.35e+1
3.48e+2 9.35e+1
4.22e+1 9.35e+1
7.58e+2 9.35e+1
7.60e+2 9.35e+1
2.01e+2 8.85e+1
3.72e+2 9.35e+1
5.27e+2 8.85e+1
3.13e+2 9.35e+1
2.79e+2 9.35e+1
2.02e+2 8.85e+1
2.83e+2 9.36e+1
3.68e+2 9.35e+1
3.57e+2 9.35e+1
3.02e+2 9.35e+1
3.73e+1 9.35e+1
7.21e+2 1.47e+2
7.23e+2 1.47e+2
2.42e+2 9.35e+1
2.44e+2 9.35e+1
2.26e+1 8.90e+1
7.76e+1 9.35e+1
4.33e+2 1.75e+2
3.76e+2 9.35e+1
2.13e+2 9.35e+1
2.66e+2 9.35e+1
3.66e+2 9.35e+1
3.64e+2 9.35e+1
7.01e+2 1.47e+2
2.65e+2 9.35e+1
7.96e+1 9.35e+1
8.15e+1 9.35e+1
3.74e+2 9.35e+1
5.50e+2 9.35e+1
3.15e+2 8.85e+1
3.17e+2 8.85e+1
3.80e+2 8.85e+1
4.61e+2 9.35e+1
5.04e+2 9.35e+1
3.73e+2 9.35e+1
4.71e+2 8.85e+1
7.03e+2 1.47e+2
7.53e+2 9.35e+1
2.16e+2 9.35e+1
7.86e+1 9.35e+1
2.32e+2 7.37e+1
2.85e+1 8.85e+1
5.61e+2 1.51e+2
6.11e+2 7.37e+1
6.13e+2 7.37e+1
2.07e+2 9.35e+1
5.10e+2 9.35e+1
6.94e+2 2.95e+1
5.55e+2 1.32e+2
6.91e+2 1.47e+2
6.93e+2 1.47e+2
7.00e+2 1.47e+2
1.52e+2 9.35e+1
5.74e+2 1.47e+2
5.76e+2 1.47e+2
5.78e+2 1.47e+2
2.15e+2 8.85e+1
1.98e+2 9.35e+1
2.00e+2 9.35e+1
4.27e+2 1.48e+2
4.29e+2 1.49e+2
3.83e+1 8.90e+1
7.80e+2 1.47e+2
7.82e+2 1.47e+2
5.73e+2 1.47e+2
5.71e+2 1.47e+2
6.95e+2 1.47e+2
4.18e+2 7.37e+1
7.79e+2 1.47e+2
7.96e+2 1.75e+2
5.63e+2 1.47e+2
6.16e+2 7.37e+1
5.70e+2 8.85e+1
5.72e+2 8.85e+1
7.72e+2 9.35e+1
5.64e+2 1.48e+2
4.19e+2 7.37e+1
5.67e+2 1.47e+2
5.69e+2 1.47e+2
4.99e+2 7.37e+1
5.95e+2 7.37e+1
4.17e+2 7.37e+1
4.46e+2 7.37e+1
4.39e+2 7.37e+1
2.29e+2 8.85e+1
3.11e+2 7.37e+1
5.94e+2 7.37e+1
4.03e+1 8.84e+1
6.78e+1 8.91e+1
5.60e+2 1.47e+2
7.24e+2 1.47e+2
5.80e+2 1.32e+2
2.60e+2 7.37e+1
7.47e+1 7.37e+1
3.53e+2 7.37e+1
2.42e+2 1.47e+2
2.44e+2 1.47e+2
3.10e+2 7.37e+1
3.83e+2 8.83e+1
3.51e+2 7.37e+1
3.09e+2 7.37e+1
4.37e+2 7.37e+1
4.41e+2 7.37e+1
1.02e+2 7.37e+1
3.49e+2 7.37e+1
5.57e+2 1.48e+2
3.45e+2 1.47e+2
3.47e+2 1.47e+2
3.48e+2 1.47e+2
6.97e+1 7.37e+1
2.15e+2 1.47e+2
5.50e+1 1.46e+2
6.77e+2 1.47e+2
7.65e+2 1.47e+2
7.81e+2 1.47e+2
3.51e+2 1.49e+2
1.01e+2 7.37e+1
5.00e+2 7.37e+1
5.62e+2 1.47e+2
7.72e+2 8.85e+1
7.74e+2 8.81e+1
2.57e+2 7.37e+1
1.87e+2 1.47e+2
1.00e+2 7.37e+1
7.09e+2 1.47e+2
3.48e+2 7.37e+1
6.09e+1 8.85e+1
6.29e+1 8.85e+1
7.37e+1 7.37e+1
5.03e+2 7.37e+1
2.12e+2 1.47e+2
4.52e+1 1.47e+2
4.43e+2 7.37e+1
5.21e+1 1.47e+2
7.70e+2 8.90e+1
5.01e+2 7.37e+1
6.18e+2 7.37e+1
6.20e+2 7.37e+1
6.22e+2 7.37e+1
3.57e+2 7.37e+1
4.22e+2 7.37e+1
4.24e+2 7.37e+1
2.59e+2 7.37e+1
3.63e+1 8.85e+1
7.56e+1 7.37e+1
3.37e+2 8.85e+1
2.82e+2 1.80e+2
7.41e+2 1.48e+2
3.53e+1 1.47e+2
4.03e+2 7.37e+1
2.14e+2 1.47e+2
4.48e+2 7.37e+1
7.68e+2 1.47e+2
7.70e+2 1.47e+2
7.27e+1 7.37e+1
5.70e+1 8.85e+1
5.89e+1 8.85e+1
4.05e+2 7.37e+1
3.80e+2 7.37e+1
2.34e+2 2.95e+1
6.96e+2 1.47e+2
7.86e+1 7.37e+1
3.58e+2 7.37e+1
7.74e+2 1.47e+2
7.76e+2 1.47e+2
4.31e+2 1.47e+2
7.56e+2 1.75e+2
5.55e+2 1.47e+2
2.77e+2 7.37e+1
3.99e+2 7.37e+1
3.05e+2 7.37e+1
4.47e+2 7.37e+1
2.07e+2 7.37e+1
1.89e+2 1.47e+2
1.91e+2 1.47e+2
3.84e+2 8.85e+1
3.86e+2 8.85e+1
3.65e+2 7.37e+1
4.49e+2 7.37e+1
3.25e+2 7.37e+1
7.05e+2 1.47e+2
2.79e+2 7.37e+1
3.14e+2 7.37e+1
2.54e+2 7.37e+1
6.38e+1 7.37e+1
5.02e+2 7.37e+1
4.32e+1 7.37e+1
9.83e+1 7.37e+1
4.12e+2 7.37e+1
4.14e+2 7.37e+1
7.26e+2 1.47e+2
7.28e+2 1.47e+2
4.52e+1 7.37e+1
2.72e+2 7.37e+1
4.09e+2 7.37e+1
7.64e+2 1.47e+2
6.48e+1 8.90e+1
2.70e+2 7.37e+1
4.91e+1 1.47e+2
6.09e+2 7.37e+1
7.66e+1 7.37e+1
7.91e+2 7.37e+1
6.78e+1 7.37e+1
2.53e+2 7.37e+1
5.60e+1 1.99e+2
2.56e+2 1.47e+2
3.47e+2 7.37e+1
5.90e+2 7.37e+1
4.03e+1 1.47e+2
9.53e+1 7.37e+1
3.42e+2 7.37e+1
3.94e+2 7.37e+1
2.37e+2 1.47e+2
7.84e+2 1.47e+2
7.86e+2 1.47e+2
3.24e+2 7.37e+1
4.02e+2 7.37e+1
7.88e+2 1.47e+2
2.56e+2 7.37e+1
7.10e+2 1.48e+2
7.12e+2 1.48e+2
2.68e+2 7.37e+1
2.67e+2 7.37e+1
1.47e+1 1.50e+2
5.98e+2 7.37e+1
2.71e+2 7.37e+1
3.22e+2 7.37e+1
3.75e+2 7.37e+1
3.46e+2 7.37e+1
4.71e+1 1.47e+2
2.11e+2 1.47e+2
3.23e+2 7.37e+1
7.77e+2 1.47e+2
4.62e+1 7.37e+1
7.55e+2 8.85e+1
2.34e+2 1.49e+2
6.00e+2 7.37e+1
2.45e+2 1.47e+2
2.00e+2 7.37e+1
2.02e+2 7.37e+1
5.66e+2 7.37e+1
4.26e+2 7.37e+1
3.84e+2 7.37e+1
1.94e+2 1.47e+2
6.03e+2 7.37e+1
6.05e+2 7.37e+1
3.31e+2 7.37e+1
3.96e+2 7.37e+1
4.15e+2 7.37e+1
3.38e+2 7.37e+1
3.32e+2 7.37e+1
3.73e+1 1.47e+2
3.08e+2 7.37e+1
3.34e+2 7.37e+1
3.30e+2 7.37e+1
3.98e+2 7.37e+1
4.12e+1 7.37e+1
6.58e+1 7.37e+1
3.15e+2 7.37e+1
4.08e+2 7.37e+1
4.27e+2 7.37e+1
2.01e+2 1.32e+2
2.03e+2 1.32e+2
7.95e+2 1.47e+2
2.49e+2 7.37e+1
6.29e+1 7.37e+1
1.33e+2 7.37e+1
1.35e+2 7.37e+1
3.10e+2 1.48e+2
3.78e+2 7.37e+1
2.40e+2 7.37e+1
2.66e+2 7.37e+1
3.88e+2 8.85e+1
3.90e+2 8.85e+1
3.92e+2 8.85e+1
3.64e+2 7.37e+1
2.84e+2 1.77e+2
5.16e+2 7.37e+1
3.83e+2 7.37e+1
2.84e+2 7.37e+1
8.25e+1 7.37e+1
4.92e+2 7.37e+1
5.28e+2 7.37e+1
9.14e+1 7.37e+1
9.33e+1 7.37e+1
3.63e+2 7.37e+1
4.30e+2 1.77e+2
7.96e+2 7.37e+1
7.86e+0 1.47e+2
9.83e+0 1.47e+2
4.96e+2 7.37e+1
2.44e+2 7.37e+1
8.65e+1 7.37e+1
4.50e+2 7.37e+1
7.19e+2 1.47e+2
4.93e+2 7.37e+1
3.40e+2 7.37e+1
4.33e+2 1.47e+2
4.87e+2 8.85e+1
2.55e+2 7.37e+1
5.05e+2 7.37e+1
7.43e+2 1.47e+2
3.36e+2 7.37e+1
1.05e+2 7.37e+1
5.01e+1 1.47e+2
4.03e+1 7.37e+1
3.50e+2 8.85e+1
4.32e+2 7.37e+1
2.41e+2 7.37e+1
2.43e+2 7.37e+1
4.98e+2 1.47e+2
5.04e+2 7.37e+1
1.68e+2 1.48e+2
1.25e+2 7.37e+1
1.27e+2 7.37e+1
6.02e+2 1.77e+2
4.29e+2 7.37e+1
2.89e+2 7.37e+1
2.36e+2 1.47e+2
7.17e+1 1.47e+2
5.27e+2 7.37e+1
3.21e+2 7.37e+1
1.16e+2 7.37e+1
1.18e+2 7.37e+1
3.94e+2 1.77e+2
2.85e+2 1.77e+2
3.60e+2 7.37e+1
3.29e+2 7.37e+1
2.48e+2 7.37e+1
3.41e+2 7.37e+1
4.26e+2 1.47e+2
5.79e+1 1.47e+2
2.21e+2 9.35e+1
3.24e+1 8.90e+1
5.36e+2 1.78e+2
3.17e+2 7.37e+1
5.17e+2 9.35e+1
4.28e+2 1.77e+2
6.03e+2 1.77e+2
2.65e+2 8.90e+1
4.66e+2 7.37e+1
4.22e+1 8.85e+1
4.42e+1 8.83e+1
4.62e+1 8.83e+1
1.13e+2 7.37e+1
1.15e+2 7.37e+1
2.16e+2 7.37e+1
3.75e+2 1.77e+2
5.41e+2 1.77e+2
3.71e+2 7.37e+1
5.14e+2 7.37e+1
9.04e+1 7.37e+1
7.06e+2 1.47e+2
7.08e+2 1.47e+2
3.87e+2 7.37e+1
4.32e+2 1.77e+2
7.31e+2 1.48e+2
1.23e+2 7.37e+1
2.39e+2 1.47e+2
4.72e+2 1.77e+2
1.30e+2 7.37e+1
1.42e+2 1.47e+2
2.86e+2 1.77e+2
1.08e+1 1.75e+2
1.77e+2 1.77e+2
5.07e+2 7.37e+1
1.10e+2 7.37e+1
8.35e+1 8.85e+1
4.28e+2 1.47e+2
7.33e+2 1.47e+2
1.21e+2 7.37e+1
3.60e+2 1.47e+2
3.34e+2 1.47e+2
5.72e+2 7.37e+1
5.19e+2 1.47e+2
5.21e+2 1.47e+2
5.22e+2 1.47e+2
7.37e+1 1.47e+2
7.56e+1 1.47e+2
6.97e+1 1.47e+2
7.36e+2 1.47e+2
3.56e+2 1.77e+2
3.83e+1 7.37e+1
6.04e+2 1.77e+2
2.08e+2 1.77e+2
1.76e+2 1.77e+2
7.66e+2 1.77e+2
5.12e+2 7.37e+1
1.20e+2 1.77e+2
3.97e+2 1.77e+2
6.97e+2 1.77e+2
5.19e+2 7.37e+1
1.37e+1 1.50e+2
5.02e+2 1.47e+2
6.01e+2 1.77e+2
2.94e+1 1.32e+2
5.63e+2 7.37e+1
3.96e+2 8.85e+1
3.98e+2 8.85e+1
6.73e+2 1.78e+2
3.89e+2 7.37e+1
4.19e+2 1.77e+2
5.06e+2 1.77e+2
1.99e+2 1.75e+2
2.77e+2 1.47e+2
8.15e+1 7.37e+1
7.30e+2 1.46e+2
2.89e+2 7.37e+1
2.69e+2 1.77e+2
5.37e+2 1.78e+2
7.67e+2 1.77e+2
5.18e+2 1.75e+2
5.66e+2 8.85e+1
4.81e+1 7.37e+1
1.21e+2 1.77e+2
3.00e+2 7.37e+1
3.98e+2 1.77e+2
6.48e+1 1.48e+2
6.68e+1 1.48e+2
6.88e+1 1.48e+2
4.71e+1 7.37e+1
2.48e+2 8.85e+1
4.75e+2 1.77e+2
3.13e+2 1.77e+2
3.73e+1 7.37e+1
5.88e+2 7.37e+1
4.20e+2 1.77e+2
6.98e+2 1.77e+2
4.75e+2 1.48e+2
4.77e+2 1.49e+2
5.64e+2 7.37e+1
4.74e+2 1.77e+2
5.42e+2 7.37e+1
4.76e+2 1.77e+2
9.53e+1 1.32e+2
2.46e+2 1.47e+2
3.14e+2 1.77e+2
3.11e+2 1.77e+2
4.99e+2 1.77e+2
3.84e+2 1.77e+2
2.87e+2 1.77e+2
3.93e+1 1.77e+2
9.83e+1 1.77e+2
4.26e+2 1.77e+2
2.67e+2 1.77e+2
2.18e+2 1.47e+2
5.39e+2 1.77e+2
4.87e+2 7.37e+1
4.89e+2 7.37e+1
1.22e+2 1.77e+2
2.13e+2 1.77e+2
5.43e+2 1.77e+2
8.84e+1 7.37e+1
4.83e+2 7.37e+1
3.09e+2 1.77e+2
2.72e+2 1.77e+2
1.19e+2 1.77e+2
3.86e+2 1.77e+2
3.03e+2 7.37e+1
2.68e+2 1.77e+2
2.89e+2 1.77e+2
4.64e+2 1.47e+2
4.66e+2 1.47e+2
5.71e+2 7.37e+1
3.85e+2 1.77e+2
3.74e+2 1.77e+2
3.87e+2 1.77e+2
4.01e+2 1.47e+2
4.27e+2 1.77e+2
3.83e+1 1.77e+2
1.96e+2 1.47e+2
3.68e+2 7.37e+1
2.14e+2 1.77e+2
1.23e+2 1.76e+2
2.66e+2 1.77e+2
2.45e+2 7.37e+1
3.82e+2 1.77e+2
2.89e+2 1.77e+2
5.50e+2 7.37e+1
5.90e+2 8.85e+1
4.60e+2 1.77e+2
4.62e+2 1.77e+2
2.18e+2 1.32e+2
5.54e+2 1.77e+2
5.31e+2 1.77e+2
2.19e+2 1.77e+2
4.51e+2 1.77e+2
1.17e+2 1.77e+2
5.53e+2 1.77e+2
4.34e+2 1.77e+2
7.91e+2 1.47e+2
3.63e+1 1.77e+2
3.58e+2 1.77e+2
3.34e+1 1.77e+2
5.08e+2 1.77e+2
2.45e+1 1.32e+2
5.01e+1 1.77e+2
4.03e+1 1.77e+2
7.75e+2 1.77e+2
2.23e+2 1.47e+2
5.00e+2 1.77e+2
4.21e+2 1.77e+2
4.00e+2 1.77e+2
7.94e+2 1.77e+2
7.51e+2 1.77e+2
4.35e+2 1.47e+2
4.37e+2 1.47e+2
6.07e+2 1.77e+2
3.07e+2 1.77e+2
4.39e+2 1.47e+2
7.69e+2 1.77e+2
2.21e+2 7.37e+1
2.23e+2 7.37e+1
5.44e+2 1.77e+2
1.69e+2 1.77e+2
3.52e+2 1.76e+2
7.52e+2 1.77e+2
3.63e+2 1.77e+2
1.67e+2 1.77e+2
5.33e+2 1.77e+2
1.24e+2 1.76e+2
1.68e+2 1.77e+2
4.35e+2 1.77e+2
6.99e+2 1.77e+2
4.12e+1 1.77e+2
2.12e+2 1.77e+2
1.63e+2 1.47e+2
6.21e+2 1.77e+2
4.64e+2 1.77e+2
6.08e+2 1.77e+2
5.55e+2 1.77e+2
2.20e+2 1.77e+2
5.32e+2 1.77e+2
2.88e+2 7.37e+1
5.45e+2 1.77e+2
5.34e+2 1.77e+2
2.15e+2 1.77e+2
4.77e+2 1.77e+2
1.55e+2 1.77e+2
7.88e+2 8.85e+1
3.04e+1 1.77e+2
4.22e+1 1.77e+2
1.53e+2 1.77e+2
6.47e+2 1.77e+2
4.16e+2 1.77e+2
4.25e+2 1.77e+2
1.73e+2 1.77e+2
8.35e+1 7.37e+1
1.51e+2 1.77e+2
1.91e+2 1.77e+2
3.67e+2 7.37e+1
2.55e+1 1.77e+2
4.63e+2 1.77e+2
1.92e+2 1.77e+2
6.22e+2 1.77e+2
4.71e+2 1.77e+2
5.50e+2 1.77e+2
3.54e+2 1.77e+2
2.94e+1 1.77e+2
7.93e+2 1.77e+2
4.23e+2 1.77e+2
3.17e+2 1.47e+2
1.06e+2 1.77e+2
6.19e+2 1.77e+2
3.59e+2 1.77e+2
1.93e+2 1.77e+2
6.74e+2 1.77e+2
9.43e+1 1.77e+2
2.95e+2 1.77e+2
7.58e+2 1.77e+2
5.35e+2 1.77e+2
7.49e+2 1.51e+2
7.51e+2 1.52e+2
4.32e+1 1.77e+2
4.96e+2 1.47e+2
1.17e+1 1.77e+2
3.00e+2 1.77e+2
3.89e+2 1.77e+2
4.42e+1 1.77e+2
2.99e+2 1.77e+2
3.47e+2 1.77e+2
2.16e+2 1.77e+2
1.05e+2 1.77e+2
5.14e+2 1.77e+2
4.18e+2 1.77e+2
2.92e+2 1.77e+2
3.90e+2 1.77e+2
3.61e+2 1.77e+2
3.56e+2 1.46e+2
7.78e+2 1.77e+2
1.56e+2 1.77e+2
6.51e+2 1.77e+2
8.84e+0 1.77e+2
2.25e+2 1.47e+2
6.42e+2 1.77e+2
2.97e+2 1.77e+2
6.09e+2 1.77e+2
1.26e+2 1.77e+2
5.97e+2 1.77e+2
2.92e+2 7.37e+1
1.57e+2 1.77e+2
1.74e+2 1.77e+2
4.95e+2 1.77e+2
5.15e+2 1.77e+2
7.37e+2 1.47e+2
4.71e+1 1.77e+2
7.00e+2 1.77e+2
5.85e+2 7.37e+1
3.67e+2 1.77e+2
1.61e+2 1.77e+2
4.17e+2 1.77e+2
4.78e+2 1.77e+2
4.50e+2 1.77e+2
5.01e+1 7.37e+1
1.82e+2 1.77e+2
5.11e+1 7.37e+1
4.84e+2 1.77e+2
6.68e+2 1.77e+2
1.25e+2 1.77e+2
4.53e+2 1.77e+2
7.91e+2 1.77e+2
1.27e+1 1.77e+2
3.93e+2 1.77e+2
3.14e+1 1.77e+2
4.03e+2 1.77e+2
5.30e+2 1.77e+2
4.05e+2 1.77e+2
6.24e+2 1.77e+2
4.56e+2 1.77e+2
2.55e+1 7.37e+1
4.65e+2 1.77e+2
5.68e+2 7.37e+1
9.43e+1 1.32e+2
6.25e+2 1.77e+2
2.36e+2 1.47e+2
1.28e+2 1.77e+2
1.11e+2 7.37e+1
5.82e+2 7.37e+1
5.61e+2 1.77e+2
7.32e+2 1.76e+2
6.43e+2 1.77e+2
2.33e+2 1.77e+2
4.62e+2 1.47e+2
4.68e+2 1.77e+2
1.15e+2 1.77e+2
1.00e+2 1.77e+2
5.56e+2 1.77e+2
4.81e+1 1.92e+2
3.19e+2 1.77e+2
4.79e+2 1.47e+2
3.47e+2 1.77e+2
4.67e+2 1.77e+2
1.58e+2 1.77e+2
2.26e+1 1.32e+2
7.04e+2 1.77e+2
4.11e+2 1.77e+2
5.99e+2 1.77e+2
7.39e+2 1.47e+2
5.30e+1 7.37e+1
1.15e+2 1.77e+2
5.13e+2 1.77e+2
3.52e+2 8.85e+1
4.49e+2 1.77e+2
2.96e+2 1.77e+2
4.66e+2 1.77e+2
5.79e+1 7.37e+1
3.11e+2 1.47e+2
3.13e+2 1.47e+2
1.14e+2 1.77e+2
4.38e+2 1.77e+2
7.37e+2 1.77e+2
1.10e+2 1.77e+2
1.27e+2 1.77e+2
6.39e+2 1.77e+2
6.52e+2 1.77e+2
4.14e+2 1.47e+2
7.01e+2 1.77e+2
3.93e+0 1.77e+2
1.09e+2 1.77e+2
5.21e+1 1.77e+2
1.04e+2 1.77e+2
2.23e+2 1.77e+2
3.34e+1 7.37e+1
2.47e+2 1.47e+2
1.97e+2 1.77e+2
4.81e+2 1.77e+2
4.63e+2 7.37e+1
1.67e+2 1.75e+2
7.77e+2 1.77e+2
2.78e+2 1.76e+2
4.45e+2 1.77e+2
2.59e+2 1.77e+2
7.06e+2 1.77e+2
3.71e+2 1.77e+2
7.35e+2 1.77e+2
2.34e+2 8.85e+1
2.36e+2 8.85e+1
1.35e+2 1.77e+2
4.48e+2 1.77e+2
5.76e+2 7.37e+1
3.04e+2 1.77e+2
7.12e+2 1.77e+2
7.27e+1 1.32e+2
5.03e+2 1.47e+2
4.39e+2 1.77e+2
4.63e+2 1.47e+2
7.56e+2 1.77e+2
1.39e+2 1.77e+2
6.48e+2 1.77e+2
3.72e+2 1.77e+2
7.86e+2 1.77e+2
3.93e+1 1.32e+2
1.13e+2 1.77e+2
3.59e+2 1.47e+2
7.76e+2 1.77e+2
6.67e+2 1.77e+2
1.57e+1 1.77e+2
7.31e+2 1.76e+2
1.36e+2 1.77e+2
7.15e+2 1.77e+2
4.44e+2 1.47e+2
4.46e+2 1.47e+2
4.48e+2 1.47e+2
2.69e+2 1.47e+2
7.34e+2 1.47e+2
6.09e+1 1.77e+2
1.08e+2 1.77e+2
2.00e+2 1.77e+2
1.40e+2 1.77e+2
2.71e+2 1.47e+2
2.09e+2 1.50e+2
5.28e+2 1.77e+2
2.56e+2 1.77e+2
4.37e+2 1.77e+2
7.34e+2 1.76e+2
1.34e+2 1.77e+2
1.37e+2 1.47e+2
1.42e+2 1.77e+2
1.67e+1 1.77e+2
4.70e+2 1.77e+2
5.57e+2 1.77e+2
2.35e+1 1.32e+2
7.14e+2 1.77e+2
2.47e+2 1.77e+2
2.20e+2 1.47e+2
5.41e+2 7.37e+1
7.86e+1 1.77e+2
6.70e+2 1.77e+2
6.79e+2 1.77e+2
5.77e+2 7.37e+1
6.50e+2 1.77e+2
1.33e+2 1.77e+2
2.55e+2 1.48e+2
7.83e+2 1.77e+2
4.58e+2 7.37e+1
6.26e+2 1.77e+2
6.80e+2 1.77e+2
6.27e+2 1.77e+2
7.96e+1 1.77e+2
6.83e+2 1.77e+2
5.65e+2 1.77e+2
7.79e+2 1.77e+2
3.15e+2 1.47e+2
2.52e+2 1.77e+2
6.28e+2 1.77e+2
7.16e+2 1.76e+2
3.11e+2 1.16e+2
7.47e+1 1.32e+2
1.88e+2 1.77e+2
2.95e+2 7.37e+1
1.32e+2 1.77e+2
1.37e+2 1.77e+2
7.07e+2 1.77e+2
7.26e+2 1.77e+2
6.11e+2 1.77e+2
6.58e+2 1.76e+2
6.38e+1 1.77e+2
2.48e+2 1.77e+2
7.50e+2 1.77e+2
2.36e+2 1.77e+2
2.37e+2 1.77e+2
2.43e+2 1.77e+2
2.49e+2 1.77e+2
2.32e+2 1.77e+2
7.80e+2 1.77e+2
6.82e+2 1.77e+2
8.06e+1 1.77e+2
7.81e+2 1.77e+2
4.79e+2 1.77e+2
4.55e+2 1.47e+2
6.88e+0 1.77e+2
1.76e+1 1.77e+2
3.02e+2 1.77e+2
4.87e+2 1.77e+2
3.63e+1 1.32e+2
3.83e+1 1.32e+2
5.26e+2 1.77e+2
4.88e+2 1.77e+2
2.02e+2 1.77e+2
5.26e+2 1.47e+2
1.12e+2 1.77e+2
5.80e+2 1.77e+2
5.66e+2 1.77e+2
2.46e+2 1.77e+2
2.80e+2 1.77e+2
7.19e+2 1.77e+2
7.17e+1 1.77e+2
2.78e+2 1.47e+2
1.76e+1 1.47e+2
4.80e+2 1.77e+2
5.74e+2 7.37e+1
2.55e+2 1.77e+2
6.56e+2 1.76e+2
1.86e+1 1.77e+2
6.65e+2 1.77e+2
2.26e+2 1.47e+2
2.31e+2 1.77e+2
6.38e+2 1.77e+2
5.25e+2 1.77e+2
5.60e+1 1.77e+2
4.52e+2 7.37e+1
4.54e+2 7.37e+1
1.86e+1 1.33e+2
5.89e+1 1.75e+2
6.09e+1 1.75e+2
5.89e+2 1.77e+2
2.01e+2 1.77e+2
2.03e+2 1.77e+2
3.20e+2 1.77e+2
8.35e+1 1.77e+2
5.20e+2 1.77e+2
2.45e+1 1.77e+2
4.13e+2 1.77e+2
2.42e+2 1.77e+2
6.84e+2 1.77e+2
4.67e+2 7.37e+1
6.77e+2 1.77e+2
6.09e+1 7.37e+1
2.41e+2 1.77e+2
2.50e+2 1.77e+2
5.63e+2 1.77e+2
7.07e+1 1.77e+2
7.11e+2 1.77e+2
6.48e+1 1.77e+2
5.70e+1 7.37e+1
3.28e+2 1.77e+2
4.91e+1 8.85e+1
6.36e+2 1.77e+2
7.29e+2 1.76e+2
6.15e+2 1.77e+2
3.29e+2 1.77e+2
7.85e+2 1.77e+2
9.83e+1 1.32e+2
1.65e+2 1.47e+2
5.52e+2 1.47e+2
5.54e+2 1.47e+2
3.50e+2 1.77e+2
4.68e+2 1.47e+2
5.79e+2 1.77e+2
5.48e+2 1.77e+2
4.08e+2 1.77e+2
6.68e+1 1.77e+2
1.96e+1 1.77e+2
5.30e+1 1.77e+2
6.78e+2 1.77e+2
2.26e+1 1.77e+2
1.43e+2 1.77e+2
5.67e+2 1.77e+2
5.47e+2 1.77e+2
7.28e+2 1.77e+2
2.50e+2 1.47e+2
1.82e+2 1.47e+2
1.84e+2 1.47e+2
7.96e+2 1.77e+2
2.16e+1 1.77e+2
3.62e+2 1.47e+2
4.40e+2 1.77e+2
4.67e+2 1.47e+2
6.63e+2 1.77e+2
3.23e+2 1.77e+2
4.90e+2 8.85e+1
2.04e+2 1.77e+2
8.45e+1 1.77e+2
4.53e+2 1.47e+2
6.88e+2 1.77e+2
6.85e+2 1.77e+2
5.37e+2 1.77e+2
5.39e+2 1.77e+2
3.42e+2 1.77e+2
6.88e+1 1.77e+2
6.86e+2 1.77e+2
2.05e+2 1.77e+2
3.46e+2 1.32e+2
5.40e+1 1.76e+2
4.90e+2 1.77e+2
8.55e+1 1.77e+2
2.44e+2 1.32e+2
7.17e+2 1.77e+2
2.70e+2 8.85e+1
2.72e+2 8.85e+1
2.08e+2 1.76e+2
2.60e+2 1.47e+2
2.38e+2 8.85e+1
2.40e+2 8.85e+1
1.41e+2 1.47e+2
6.12e+2 1.77e+2
8.65e+1 1.77e+2
3.01e+2 1.48e+2
7.20e+2 1.77e+2
5.27e+2 1.47e+2
3.30e+2 1.77e+2
5.82e+2 1.76e+2
7.18e+2 1.77e+2
6.14e+2 1.77e+2
4.22e+1 1.32e+2
2.29e+2 7.37e+1
8.94e+1 1.32e+2
4.44e+2 1.77e+2
2.16e+1 1.32e+2
4.62e+2 7.37e+1
1.00e+2 1.32e+2
2.35e+1 1.75e+2
2.55e+1 1.75e+2
2.45e+1 7.37e+1
4.04e+2 1.47e+2
5.84e+2 1.76e+2
3.27e+2 8.91e+1
3.38e+2 1.77e+2
4.49e+2 1.47e+2
5.37e+2 8.85e+1
2.51e+2 1.47e+2
6.92e+2 1.77e+2
5.45e+2 7.37e+1
9.14e+1 1.32e+2
3.21e+2 1.77e+2
4.61e+2 7.37e+1
7.43e+2 1.77e+2
5.15e+2 1.47e+2
6.35e+2 1.77e+2
2.92e+2 1.32e+2
5.87e+2 1.77e+2
5.22e+2 1.77e+2
6.19e+1 1.47e+2
3.53e+1 8.90e+1
7.25e+2 1.77e+2
1.10e+2 1.48e+2
3.44e+2 1.77e+2
5.11e+1 1.33e+2
2.14e+2 1.32e+2
3.25e+2 1.77e+2
2.06e+1 1.32e+2
3.27e+2 1.77e+2
4.62e+2 8.85e+1
5.42e+2 1.32e+2
7.45e+2 1.77e+2
3.18e+2 1.48e+2
3.20e+2 1.48e+2
2.93e+2 7.37e+1
4.11e+2 1.47e+2
4.13e+2 1.47e+2
6.89e+2 1.77e+2
5.84e+2 7.37e+1
3.41e+2 1.47e+2
7.46e+2 1.77e+2
5.75e+2 1.77e+2
1.32e+2 1.47e+2
1.49e+2 1.47e+2
3.81e+2 1.48e+2
8.45e+1 1.32e+2
8.65e+1 1.32e+2
5.86e+2 1.76e+2
1.98e+2 1.46e+2
5.99e+1 1.47e+2
3.35e+2 1.77e+2
5.31e+2 1.47e+2
2.90e+2 1.32e+2
3.31e+2 1.77e+2
1.96e+1 1.47e+2
4.03e+1 1.32e+2
3.46e+2 1.77e+2
5.69e+2 1.77e+2
5.23e+2 7.37e+1
4.82e+2 7.37e+1
2.00e+2 1.47e+2
7.24e+2 1.77e+2
2.75e+2 1.47e+2
1.52e+2 1.47e+2
2.51e+2 8.91e+1
5.70e+2 1.77e+2
3.32e+2 1.77e+2
3.85e+2 1.47e+2
3.22e+2 1.47e+2
4.05e+2 1.47e+2
5.51e+2 1.47e+2
4.57e+2 7.37e+1
7.17e+1 1.16e+2
5.73e+2 1.77e+2
5.44e+2 7.37e+1
3.36e+2 1.77e+2
5.11e+2 7.37e+1
5.01e+1 1.32e+2
1.93e+2 7.37e+1
3.92e+2 1.47e+2
2.79e+2 1.46e+2
3.21e+2 1.17e+2
3.23e+2 1.17e+2
1.01e+2 1.47e+2
1.03e+2 1.47e+2
5.52e+2 7.37e+1
2.65e+2 1.47e+2
2.83e+2 1.47e+2
5.34e+2 1.47e+2
5.77e+2 1.77e+2
9.33e+1 1.48e+2
2.94e+2 1.47e+2
5.74e+2 1.77e+2
3.57e+2 1.32e+2
2.45e+2 1.32e+2
1.05e+2 1.47e+2
1.07e+2 1.47e+2
5.50e+2 1.47e+2
6.00e+2 8.85e+1
1.46e+2 1.47e+2
1.71e+2 1.47e+2
4.52e+2 1.47e+2
6.32e+2 1.47e+2
6.34e+2 1.47e+2
4.80e+2 1.47e+2
2.25e+2 1.32e+2
2.54e+2 1.32e+2
2.85e+2 1.48e+2
5.60e+2 7.37e+1
4.17e+2 1.47e+2
3.47e+2 1.32e+2
1.76e+2 1.77e+2
5.22e+2 7.37e+1
4.60e+2 7.37e+1
5.33e+2 1.47e+2
3.14e+1 1.47e+2
2.49e+2 1.47e+2
3.24e+2 1.47e+2
8.15e+1 1.32e+2
4.51e+2 1.47e+2
2.89e+2 1.47e+2
1.88e+2 1.18e+2
5.62e+2 7.37e+1
3.23e+2 1.47e+2
1.76e+2 1.47e+2
3.04e+1 7.37e+1
5.05e+2 1.46e+2
3.43e+2 1.47e+2
2.09e+2 1.18e+2
9.43e+1 1.47e+2
1.83e+2 1.18e+2
1.30e+2 1.47e+2
4.57e+2 1.47e+2
4.59e+2 1.47e+2
2.72e+2 1.47e+2
2.74e+2 1.47e+2
5.61e+2 7.37e+1
1.38e+2 1.47e+2
1.40e+2 1.47e+2
1.62e+2 1.47e+2
1.29e+2 1.47e+2
6.48e+1 1.32e+2
6.17e+2 1.47e+2
1.47e+1 1.32e+2
2.11e+2 1.18e+2
3.63e+1 1.91e+2
1.61e+2 1.47e+2
4.81e+1 1.32e+2
2.97e+2 1.32e+2
2.12e+2 1.18e+2
8.94e+1 1.18e+2
2.21e+2 1.18e+2
3.17e+2 1.16e+2
3.19e+2 1.16e+2
1.96e+1 1.75e+2
1.71e+2 1.32e+2
2.61e+2 1.48e+2
2.82e+2 1.18e+2
2.01e+2 1.47e+2
3.34e+1 1.32e+2
2.37e+2 1.32e+2
2.89e+2 1.32e+2
1.36e+2 1.47e+2
4.70e+2 1.47e+2
4.72e+2 1.47e+2
5.23e+2 1.47e+2
2.22e+2 1.18e+2
7.86e+2 1.18e+2
2.80e+2 1.47e+2
2.32e+2 8.85e+1
2.36e+2 1.32e+2
3.06e+2 1.32e+2
1.90e+2 1.18e+2
4.21e+2 1.18e+2
4.71e+1 1.32e+2
2.79e+2 1.18e+2
3.27e+2 1.47e+2
1.14e+2 1.18e+2
4.12e+1 1.75e+2
1.37e+1 1.32e+2
6.58e+1 1.32e+2
1.69e+2 1.18e+2
4.22e+2 1.18e+2
2.84e+2 1.18e+2
7.88e+2 1.18e+2
1.70e+2 1.18e+2
5.36e+2 7.37e+1
2.79e+2 8.85e+1
2.20e+2 1.18e+2
1.71e+2 1.18e+2
2.31e+2 8.85e+1
3.29e+2 1.47e+2
3.31e+2 1.47e+2
1.68e+2 1.18e+2
7.48e+2 1.47e+2
2.95e+2 1.47e+2
4.72e+2 1.18e+2
1.33e+2 1.47e+2
2.86e+2 1.32e+2
6.17e+2 1.18e+2
9.53e+1 1.47e+2
4.32e+1 1.32e+2
2.88e+2 1.18e+2
4.20e+2 1.18e+2
6.99e+2 1.18e+2
6.26e+2 1.18e+2
6.03e+2 1.47e+2
2.33e+2 1.32e+2
2.89e+2 1.32e+2
7.79e+2 1.18e+2
1.74e+2 1.47e+2
6.09e+1 1.18e+2
2.87e+2 1.18e+2
7.16e+2 1.47e+2
1.73e+2 1.47e+2
1.15e+2 1.18e+2
6.16e+2 1.18e+2
5.79e+1 1.32e+2
2.15e+2 1.18e+2
1.64e+2 1.18e+2
7.00e+2 1.18e+2
6.27e+2 1.18e+2
8.45e+1 1.18e+2
2.82e+2 1.77e+2
2.84e+2 1.78e+2
2.33e+2 1.47e+2
1.91e+2 1.18e+2
7.07e+2 1.18e+2
2.26e+1 1.47e+2
2.17e+2 1.18e+2
2.07e+2 1.18e+2
1.14e+2 1.47e+2
7.85e+2 1.18e+2
1.17e+2 1.18e+2
6.22e+2 1.47e+2
8.84e+1 1.18e+2
8.55e+1 1.18e+2
5.11e+2 1.18e+2
7.96e+1 1.32e+2
2.16e+2 1.18e+2
7.74e+2 1.18e+2
2.24e+2 1.18e+2
5.17e+2 1.18e+2
2.75e+2 1.18e+2
7.17e+1 1.32e+2
2.96e+2 1.47e+2
2.98e+2 1.47e+2
6.77e+2 1.18e+2
6.19e+1 1.18e+2
1.65e+2 8.85e+1
7.84e+2 1.18e+2
4.42e+1 1.32e+2
2.35e+1 7.37e+1
1.72e+2 1.18e+2
8.35e+1 1.32e+2
7.27e+2 1.18e+2
2.12e+2 1.32e+2
3.93e+2 1.47e+2
3.95e+2 1.47e+2
3.97e+2 1.47e+2
5.99e+1 1.18e+2
5.06e+2 1.47e+2
6.80e+2 1.18e+2
7.06e+2 1.18e+2
7.10e+2 1.18e+2
7.92e+2 1.18e+2
2.19e+2 1.18e+2
5.14e+2 1.47e+2
3.75e+2 1.18e+2
4.19e+2 1.18e+2
5.18e+2 1.18e+2
8.65e+1 1.18e+2
1.81e+2 1.18e+2
4.41e+2 1.47e+2
2.66e+2 1.18e+2
9.43e+1 1.18e+2
6.30e+2 1.18e+2
6.79e+2 1.18e+2
5.32e+2 7.37e+1
7.32e+2 1.18e+2
3.39e+2 1.47e+2
2.28e+2 1.47e+2
2.74e+2 1.18e+2
5.09e+2 1.18e+2
2.92e+2 1.18e+2
1.10e+2 1.18e+2
4.47e+2 1.18e+2
2.49e+2 1.16e+2
3.84e+2 1.47e+2
8.25e+1 1.32e+2
1.46e+2 1.18e+2
6.29e+2 1.18e+2
5.15e+2 1.18e+2
6.22e+2 1.18e+2
1.66e+2 1.18e+2
3.47e+2 1.18e+2
4.63e+2 1.18e+2
6.97e+2 1.18e+2
5.43e+2 1.18e+2
9.63e+1 1.18e+2
1.47e+2 1.18e+2
1.76e+2 1.18e+2
7.31e+2 1.17e+2
5.79e+2 8.85e+1
3.77e+2 1.18e+2
1.36e+2 1.18e+2
5.81e+2 1.18e+2
2.43e+2 1.32e+2
6.24e+2 1.18e+2
5.95e+2 1.18e+2
6.23e+2 1.18e+2
4.48e+2 1.18e+2
6.69e+2 1.18e+2
4.11e+2 1.18e+2
2.18e+2 1.18e+2
6.68e+2 1.18e+2
7.16e+2 1.18e+2
2.90e+2 1.18e+2
5.42e+2 1.18e+2
2.26e+2 1.18e+2
5.94e+2 1.18e+2
6.19e+2 1.47e+2
5.96e+2 1.18e+2
4.36e+2 1.18e+2
1.50e+2 1.18e+2
7.69e+2 1.18e+2
3.55e+2 1.18e+2
5.08e+2 1.18e+2
2.68e+2 1.32e+2
6.21e+2 1.18e+2
2.26e+1 1.62e+2
4.37e+2 1.18e+2
5.16e+2 8.85e+1
5.00e+2 8.85e+1
5.93e+2 1.18e+2
4.10e+2 1.18e+2
3.53e+2 1.18e+2
1.09e+2 1.18e+2
5.07e+2 1.18e+2
6.66e+2 1.18e+2
7.28e+2 1.18e+2
5.06e+2 1.18e+2
4.69e+2 1.18e+2
4.71e+2 1.18e+2
1.21e+2 1.18e+2
5.97e+2 1.18e+2
3.03e+2 1.32e+2
7.20e+2 1.18e+2
3.61e+2 1.32e+2
3.63e+2 1.32e+2
4.35e+2 1.18e+2
7.35e+2 1.18e+2
5.21e+2 1.18e+2
8.15e+1 1.18e+2
6.73e+2 1.18e+2
3.83e+2 1.47e+2
5.46e+2 1.18e+2
5.79e+2 1.18e+2
5.32e+2 1.18e+2
2.52e+2 1.18e+2
4.64e+2 1.18e+2
5.44e+2 1.18e+2
4.49e+2 1.18e+2
4.51e+2 1.18e+2
3.14e+2 1.18e+2
7.15e+2 1.18e+2
6.14e+2 1.18e+2
6.67e+2 1.18e+2
6.59e+2 1.18e+2
1.73e+2 1.18e+2
2.64e+2 1.18e+2
6.00e+2 1.18e+2
1.53e+2 1.18e+2
3.24e+1 1.32e+2
5.82e+2 1.18e+2
3.44e+2 1.18e+2
3.15e+2 1.32e+2
1.51e+2 1.18e+2
1.39e+2 1.18e+2
6.76e+2 1.18e+2
1.30e+2 1.18e+2
3.99e+2 1.18e+2
4.75e+2 7.37e+1
2.49e+2 1.18e+2
3.13e+2 1.18e+2
5.05e+2 1.18e+2
5.98e+2 1.18e+2
3.85e+2 1.18e+2
7.34e+2 1.18e+2
6.31e+2 1.18e+2
7.25e+2 1.18e+2
4.70e+2 1.18e+2
3.84e+2 1.18e+2
1.62e+2 1.18e+2
7.19e+2 1.18e+2
6.28e+2 1.47e+2
4.98e+2 1.18e+2
6.04e+2 1.48e+2
6.58e+2 1.18e+2
1.23e+2 1.18e+2
3.83e+2 1.18e+2
4.88e+2 1.47e+2
2.04e+2 1.18e+2
3.18e+2 1.18e+2
7.95e+2 1.18e+2
6.32e+2 1.18e+2
1.41e+2 1.18e+2
2.91e+2 1.47e+2
6.03e+2 1.18e+2
5.90e+2 1.18e+2
2.34e+2 1.18e+2
2.45e+2 1.18e+2
3.32e+2 1.47e+2
7.13e+2 1.18e+2
7.71e+2 1.18e+2
3.11e+2 1.32e+2
5.85e+2 1.18e+2
4.67e+2 1.18e+2
2.47e+2 1.18e+2
7.67e+2 1.18e+2
4.72e+2 7.37e+1
3.45e+2 1.18e+2
6.63e+2 1.18e+2
4.18e+2 1.47e+2
4.20e+2 1.47e+2
1.07e+2 1.18e+2
3.04e+2 1.32e+2
1.05e+2 1.32e+2
5.61e+2 1.18e+2
7.68e+2 1.18e+2
2.87e+2 1.32e+2
3.74e+2 1.18e+2
4.50e+2 1.18e+2
1.26e+2 1.18e+2
5.60e+2 1.18e+2
7.47e+1 1.18e+2
3.42e+2 1.18e+2
6.72e+2 1.18e+2
5.52e+2 1.18e+2
2.06e+2 1.18e+2
5.37e+2 1.18e+2
4.66e+2 1.18e+2
2.59e+2 1.18e+2
7.37e+1 1.18e+2
1.25e+2 1.18e+2
2.99e+2 1.18e+2
6.71e+2 1.18e+2
5.44e+2 1.47e+2
7.62e+2 1.47e+2
4.38e+2 1.18e+2
5.32e+2 1.47e+2
5.91e+2 1.18e+2
1.61e+2 1.18e+2
2.53e+2 1.18e+2
1.06e+2 1.18e+2
5.99e+2 1.18e+2
3.70e+2 1.18e+2
6.19e+1 1.32e+2
1.24e+2 1.18e+2
5.35e+2 7.37e+1
6.96e+2 1.18e+2
2.56e+2 1.18e+2
3.68e+2 1.18e+2
3.96e+2 1.18e+2
7.37e+2 1.18e+2
3.53e+2 1.32e+2
5.90e+2 1.77e+2
2.05e+2 1.18e+2
2.62e+2 1.18e+2
2.27e+2 1.18e+2
2.28e+2 1.18e+2
7.38e+2 1.18e+2
2.81e+2 1.75e+2
5.29e+2 1.18e+2
3.51e+2 1.18e+2
6.05e+2 1.18e+2
6.38e+1 1.18e+2
5.70e+2 1.18e+2
5.23e+2 1.18e+2
1.28e+2 1.18e+2
3.16e+2 1.18e+2
7.65e+2 1.18e+2
1.54e+2 1.18e+2
2.02e+2 1.18e+2
5.34e+2 1.18e+2
3.79e+2 1.18e+2
1.00e+2 1.18e+2
3.80e+2 1.18e+2
4.33e+2 1.18e+2
5.50e+1 8.85e+1
3.08e+2 1.18e+2
2.33e+2 1.18e+2
4.61e+2 1.18e+2
4.43e+2 1.18e+2
5.24e+2 1.18e+2
9.53e+1 1.75e+2
1.79e+2 1.47e+2
1.81e+2 1.47e+2
1.06e+2 8.85e+1
4.25e+2 1.18e+2
3.00e+2 1.18e+2
6.09e+1 1.32e+2
5.10e+2 1.47e+2
1.56e+2 1.18e+2
3.25e+2 1.18e+2
3.50e+2 1.18e+2
5.63e+2 1.18e+2
2.55e+1 1.62e+2
7.56e+1 1.18e+2
3.52e+2 1.18e+2
5.25e+2 1.47e+2
7.24e+2 1.18e+2
2.55e+2 1.18e+2
3.27e+2 1.18e+2
3.22e+2 1.18e+2
1.55e+2 1.18e+2
1.06e+2 1.32e+2
6.06e+2 1.18e+2
9.83e+1 1.18e+2
3.01e+2 1.18e+2
6.15e+2 1.47e+2
5.22e+2 1.18e+2
7.63e+2 1.18e+2
6.44e+2 1.47e+2
6.46e+2 1.47e+2
6.48e+2 1.47e+2
1.94e+2 1.18e+2
3.86e+2 1.18e+2
4.94e+2 1.47e+2
7.22e+2 1.18e+2
3.94e+2 1.18e+2
7.46e+2 1.18e+2
4.28e+2 1.18e+2
4.17e+2 1.18e+2
4.32e+2 1.18e+2
5.11e+2 1.47e+2
7.52e+2 1.18e+2
5.66e+2 1.18e+2
1.32e+2 1.18e+2
1.58e+2 1.18e+2
2.07e+2 1.47e+2
1.33e+2 1.18e+2
5.53e+2 1.18e+2
1.78e+2 1.18e+2
3.44e+1 1.32e+2
3.52e+2 1.32e+2
6.95e+2 1.18e+2
6.55e+2 1.18e+2
3.67e+2 1.18e+2
2.54e+2 1.18e+2
7.62e+2 1.18e+2
3.07e+2 1.18e+2
3.32e+2 1.18e+2
1.57e+2 1.18e+2
3.54e+2 1.32e+2
1.02e+2 1.18e+2
